4.9 8.4 10.5 11.9 13.8 15.7 16.7 18.2 17.5 18.1 18.4 18.7 19.1 19.5 19.5 21.4
4.6 8.3 10.9 14 16.3 17.2 18 21.3 19.8 20.6 21.7 20.4 22.2 22.8 23.2 22.1
8 9.7 11 13.7 17.3 17.5 17.7 18.4 19.1 19.4 19.3 19.6 20.2 21.6 21.3 21.6
5.1 9.7 13.1 15.7 18.5 19.1 19.9 19.3 20 20.8 20.2 21.7 22 21.7 22.2 23.4
4.9 8.4 10.6 11.5 13.7 14.9 15.6 15.4 15.5 16.4 15.9 16.4 16.5 17.4 17.9 18.5
6.2 10.1 13.7 15.8 18.2 18.1 18.4 20 20.5 21.6 20.7 20.2 21.6 22.1 23.3 23.6
5.2 9.2 12.2 16.1 21.3 20.8 22 22.4 23.6 23.9 23.6 24.1 23.9 24.2 25.2 26
4.3 7.6 9.1 10.9 13.3 14.1 15.8 15.3 16.2 17.4 17.3 16.9 18.2 18.7 19.4 19.4
5 8.7 11.6 13.2 17.8 17.2 17.8 18.2 19.5 20.6 20.9 21.1 21.3 22.2 22.2 22.5
5.7 10.7 13.2 15.7 17.7 19 20.2 19.6 20.8 20.9 20.3 20.4 21.3 21.9 21.9 21.9
4.9 9 11.4 14.5 19.5 19.9 20 20.3 21.6 21.7 22.4 22.8 22.5 23.7 24.3 25.1
6.5 10.9 11.9 12.8 15.8 16.1 16.3 16.9 16.9 17.6 17 17.2 18.5 18.1 18.9 19.5
4.7 8 10.9 13.4 15.4 16.6 17.9 19.2 18.1 19.4 18.9 18.4 18.4 18.6 18.7 19.4
8.4 10.2 13.4 14.2 16.3 18.2 19.7 19.7 19.7 20.7 20.2 20.6 21.6 21.7 21.7 22.4
5.5 9.2 11.8 13.5 15.4 17.1 17.4 18 18.7 19.5 19.9 19.3 19.5 20 20.8 21.2
5.4 9.9 11.9 15.9 18.3 18.6 19.1 20.1 20.1 20.8 20.5 19.9 21.3 20.9 21.7 22.4
5.4 9.2 11.7 14.7 17.6 19.1 19.9 20.3 21.2 23.1 22.5 24 24.9 25.6 27.3 28.1
5 8.8 11.1 13.4 15.3 15.7 15.7 15.6 16.5 16.5 17.1 16.2 16.5 16.5 17.9 18.1
4.9 8.6 11.1 13 15.4 16.6 17.5 17.5 18.1 18.1 17.7 18.2 17.7 18.7 18.9 19.3
4.2 7.5 9.5 11.1 12.9 14 14.5 14.1 14.8 15.5 15.2 14.9 15.1 15.9 15.6 16.5
5.5 9.2 11.7 14 17.1 17.4 17.6 17.7 18.4 19.5 19.7 20.5 20.7 21.8 22.2 22.7
5.4 10.5 13.3 14.7 16.7 17.9 18.3 18.2 19.3 19.6 19.4 19.8 20.1 21.1 21.5 21.4
5.3 9 11 11.9 13.1 14.3 14.2 15 15.8 15.8 16.2 16.4 16.9 17.1 17.4 17.5
4.3 7.6 10.1 11.6 13.7 15 16 17 16 16.9 17.4 17.7 17.8 18.3 19.1 20
7.6 9.3 11.3 12.9 13.6 14.6 15.5 16.7 16.4 17.2 17 17.2 18.3 18.2 18.2 18.5
9 10.8 14.1 15.9 17.6 18 20.4 21.8 20.7 22.8 20 21.2 23 22.1 22.7 24.9
4.9 8.4 10.2 11.3 12.4 14 14.9 15.6 15.7 15.9 15.8 15.7 16.6 16.5 17.7 17.87
4.6 9 12 14.1 16.6 17.6 18.9 19.5 20 21.4 20.8 21.1 22.9 22 22.3 24.2
4.7 8.1 10.8 13.7 16.6 18 18.9 19.5 20 21.3 21.2 21.7 22.9 23.1 25 25.4
5 8.6 10.5 12.9 14.3 13.7 14.4 15.4 15.3 16.4 15.1 15.5 16 17.3 18 18.9
3.9 7.7 9.6 12.3 15.6 16 17.9 18.5 18.8 18.6 18.7 19.9 19.5 20.3 20.4 21.2
3.8 7 9.5 14.2 16.1 16.7 17.4 17.6 18.3 18.9 19.6 20.5 19.7 21.1 21.5 21.5
5.9 9.4 11.6 14.4 14.4 15.1 15.6 16.1 17.4 17.4 16.5 17.2 16.9 18.4 18.8 18.3
5.3 10.3 12.5 14.4 15.9 17.3 17.7 17 18.5 18.9 19.5 20.4 19.7 20.6 21.3 22
5.5 9.6 13.6 14.8 20.9 21.1 22.6 22.2 24 24.5 25.2 25.6 25.4 26.2 27.5 27.3
4.5 8 10.5 13.4 15.7 15.7 16.9 18.3 17.3 18 18.4 18.4 19.2 19.3 19.9 20
7.5 9.6 12 13.6 14.7 15.1 16.2 17 17.4 16.8 17.3 17.7 19.1 19.1 19.1 20.2
5.5 9.5 11.7 12.6 14.1 13.9 14.7 14.4 14.7 15.5 15.7 16.8 16.2 16.4 16.8 17.9
5.5 9.1 11.7 18.2 19.2 19.8 19.3 20.9 20.7 21.9 23.5 22.8 21.8 21.4 22.9 23.1
5.5 9.5 11.5 12.7 14.6 NaN 15.5 16.9 16.9 17.3 16.2 16.3 17.3 NaN 17.3 16.6
6.1 9.8 13.1 17.5 21 20.8 21.6 21.8 22 22.7 23.2 23.3 23.7 24.9 25.4 25.1
6 10.2 13.5 16.4 19.7 20.6 22.2 22.2 22.7 22.7 22.7 23.5 23.8 24.6 26.8 26.1
4.6 7.8 9.8 13.6 15 16.3 17.1 17.2 18.2 19.8 20.1 21.6 21.2 22.3 23.4 23.6
5.3 9.3 12.4 14.2 16.4 17 18.2 17.8 18.6 19.2 20.2 20.2 19.4 20.6 20.9 20.8
4.7 9.8 12.5 16.4 18.6 18.8 18.9 18.8 20 21.8 22.7 23.2 24.3 25 24.7 24.5
5.6 9.4 12.1 14.6 17.3 17.6 17.9 18.6 19.7 19.8 20.3 21.1 20.2 22.3 21.9 22
3.8 7 10.9 10.7 12.9 14.4 14.5 16.2 16.9 18.4 17.8 18.7 18.3 18.7 19.1 19.8
7 8.9 11.6 15 16.3 17.2 17.1 18 18.5 19.3 19.6 20 20.6 20.9 21.1 20.7
5.6 9.8 12.8 16.6 17.7 17.6 18.4 18.2 18.7 19.2 19.3 21.8 23.3 23 23.5 25.01
5.8 10.2 13.1 18.5 19.8 19.9 19.7 20.7 19.6 20 21.2 21.4 20.8 21.1 22.2 23.1
4.7 9 11.3 13.2 15.3 15.5 16.8 17.6 18 19.2 19 20 20.5 20.3 21 20.3
5.3 8.5 11.4 14.3 18 20.4 21.1 22.5 22.9 24.7 24.7 26.3 27.2 28.5 29.3 29.5
5.7 9.5 12.8 14.8 17.2 18.4 20.1 20.3 20.8 21.7 21.7 21.9 22.2 23.6 24.2 24.6
4.5 7.8 9.6 13.6 16 15.8 16.9 16.8 17.9 19.7 20.4 21.6 21.4 22.8 23.2 23.5
5.9 9.9 10.5 12.4 12.7 14.3 14.8 14.5 16.1 16.4 13.8 16.1 16.6 17.7 18.1 17
5.4 10.4 13.1 13.6 16.1 18.4 18.2 17.4 18.5 19.2 19 18.7 18.9 19.8 21.3 22.6
4.4 7.6 9.5 11.2 12.9 13.4 14.1 14.3 15 15.2 15.3 15.7 15.4 15.2 16.3 16.3
6.4 10.7 12.6 14.4 15.9 16.1 16.9 18.3 17.9 18.2 18.1 17.7 19 18.9 19.9 21.6
7.1 9 10.8 12.9 14.7 16.3 17.5 17.9 18 18.6 18.3 18.7 19.6 20.5 20.9 21.5
5.2 9.3 12.1 14.7 16.8 17 17.6 17.4 18.3 19.1 18.9 20.5 20.9 20 21.1 22.2
5.6 9.8 11.6 13.4 14.1 15 15 15.2 15.7 16.4 16.7 16.4 17 16.9 17.8 18.6
4.9 8.8 11.4 13.7 16.8 17.4 17.3 18.2 17.9 18.6 19 18.2 19.4 18.9 19.3 19.8
5.6 9.1 10.6 12.6 15 15.6 16.6 16.9 17.7 19.5 18.5 18.5 19.3 20.2 20.2 20.1
4.6 7.9 10 12.7 14 14.2 15.1 14.9 16.3 17.6 17.9 18.5 18.4 19.2 19.9 19.4
6.2 9.8 11.9 14.2 14.9 14.6 14.8 15.4 16.8 17 15.9 17.1 15.7 16.9 16.7 17.9
4.9 8.9 10.5 12.3 16.6 17 17.2 16.6 18 17.5 19.7 19.2 17.4 19.2 18.3 18.5
5.7 9.6 11.2 13.5 15.2 15.6 15.7 15.4 17.1 18.5 19.3 19.9 20.1 20.6 21.5 21.6
4.8 8.3 9.9 11.3 13 14 14.7 14.9 16.2 16 16.6 16.9 17 17.3 17.6 18.1
5.2 8.6 11.5 14.6 16.9 16.6 17.7 19.7 18.8 19.9 19.9 20 21.5 22.2 22.7 22.6
9.2 10.8 12.2 15.2 18.4 18.8 19.2 19.9 19.9 21.2 20.7 20.7 21.2 22 22.2 22.7
4.5 8.8 11 12.6 14.6 14.7 15.8 14.5 15.8 15.9 15.6 14.6 14.6 15.1 15.2 16.5
5.5 9.7 11.7 12.7 13.4 14.3 15.1 15.8 15.6 16.1 16.2 16.4 16.4 17.3 17.5 18.9
5.4 8.9 11.9 14.5 17.5 19.7 21.4 23.1 21.8 23.9 23.1 24.4 26.2 25.5 26.7 25.4
5 8.6 10.7 12.3 15.2 15.2 15.5 15.2 15 17.1 17.1 17.7 18.9 18.8 20.7 21.7
4.5 8.3 10.3 14.4 16.9 17.4 17.1 17.1 17.4 18.1 18.3 18.3 18.6 19 19.7 20.5
4.4 7.4 9.8 10.6 12.8 13.2 13.8 13.4 13.7 14.2 14.4 14.4 14.5 14.9 15.1 15.4
5.5 8.9 12 14.7 18.3 18.7 18.9 19.2 19.8 21.2 21.5 22.5 22.6 24.6 24.6 25.6
5.4 9.3 12.4 15.7 19.2 19.8 20.3 19.8 21 21.7 22.3 22.5 22.2 23.2 23.4 24.1
5.5 9.8 12.4 15.8 21.4 21.7 23.1 23 24 24.1 23.9 24.8 24.4 24.9 26.1 26.5
4.8 8.4 10.3 13.3 16.9 17.8 17.6 19.1 18.3 18.5 18 19.6 18.9 19.2 19.1 20
6.8 8.9 10.9 12.7 13.6 14.6 15.5 16.3 16.2 17.1 16.7 16.9 17.6 17.8 18 18.4
5.4 9.3 11.7 13.4 15 14.8 15.7 14.5 15.5 16.7 15 16.7 16.8 16.7 18.1 19.6
5.4 9.8 12.4 14.2 16.2 16.6 16.9 17.5 17.2 18.2 18.1 19.2 19.4 18.3 19.4 20.9
5.1 8.5 11.8 14.1 17.2 17.1 16.6 17.1 17.6 18.3 17.3 17.6 18 17.5 18.8 18.9
5 8.8 10.9 14.4 16.2 16.7 17 17.1 17.4 18.3 18.9 19.2 19.2 19.8 20.1 20.7
4.8 8.6 11.1 15.5 19.4 18 19.4 20 21.3 21.6 21.8 22.9 22.5 24.2 24.7 25.2
4.7 8 10.2 12.4 15.3 16.3 16.7 16.5 17.3 17.7 18 18.3 19 20.6 20.7 21.4
5.5 9 12.1 14.2 18.5 18.8 18.7 18.8 18.8 20 20.4 21.3 21.1 22.5 22.6 23.2
5.4 9.2 10.3 12.6 13.4 14.3 14.5 14.2 15.8 16.7 14.9 15.7 15.5 16.9 17.2 16.4
5.1 9 11.1 12.5 13.8 14.3 14.4 14.1 15.1 14.9 15.4 15 15.2 16 15.9 16.5
4.1 8.3 10.3 12 13.6 14.9 14.6 14.2 15.1 15.4 15.2 15.6 16.1 17.3 18.5 18.6
4.9 9.4 10.7 15 20.4 19.6 19.5 20 20.5 21.1 20.6 21.1 21.2 23 22.3 23.2
5.2 8.2 10.8 12.4 15.6 17 16.6 17.4 16.7 16.9 17.1 17.8 18.8 18.6 19.5 20.1
4.9 8.7 10.1 12.3 14.3 15.3 15.4 15.7 15.8 15.8 15.6 16.5 17.8 17.5 19.4 18.8
5.6 9.6 12.6 16.4 21.1 20.3 21.3 21.7 21.8 22.2 22.1 22.6 23.1 22.5 22.8 22.4
5.7 10.4 13 15.5 18.4 20.1 20.5 20.7 21 21 21.4 21.2 21.7 22.5 23.5 24.3
NaN 6.6 9.1 13.1 16.9 17 19.3 19.9 20.9 22.3 20.9 22.4 23.1 24 24 23.4
NaN 8.5 9.6 11.4 13 14.6 14.9 15.7 15.2 16.6 14.4 15.5 15.7 16.1 16.5 16.5
7.2 12.8 15.8 19.2 21.7 21.1 20.8 20.3 20.6 20.5 20.5 21 22.2 21.3 20.6 NaN
4.3 8.2 9.5 11 13.2 14.2 14 14.2 14.9 14.5 14.8 14.2 15 15.7 15.8 16.5
4.3 7.5 9.6 10.8 12.7 12.9 14.9 14.2 14.3 15.5 15.5 15 15.5 15.6 16.7 16.9
8.3 10.3 12.4 14 15.3 16.8 16.9 16.6 17.5 16.8 17.4 17.5 19 18.8 18.8 19.3
4.4 7.8 10 14.7 17.9 18.2 19.7 20.8 22.9 23.7 23.6 24.2 24.5 25.4 25.9 25.9
6.2 11.2 12.6 15.1 17.5 18 18.7 18.6 20.6 21.5 20.6 21.8 21.9 22.7 23 24.3
5.1 8 10.9 14.8 17.2 18.4 19.3 20.6 20.7 21.2 21.6 23.3 24.3 24.9 24.4 24.6
5.8 9.5 11.2 15.5 19 18.4 17.6 18.9 19.3 19.9 20.3 20.7 20.3 22 21.3 21.9
4.5 8.2 10 11.3 14.2 15 16.2 15.5 15.4 15.4 16.3 16.2 16.7 17 16.9 17.5
5.9 10.7 12.2 14 17 18.1 18 18.9 18.9 20.5 20.8 21 21.5 23.4 24.6 25.6
NaN 7 8.2 9.7 11.5 12.6 13.1 13 13.4 14.7 14.5 14.8 14.8 15.1 15.3 15.7
NaN 8.9 10.7 13.8 19.2 19.3 20.1 20.2 20.7 22.4 21.6 22.8 22.5 22.6 24.1 23.9
5.9 9.6 10.5 13 16.4 16.3 15.9 16 16 16.9 16.9 17.2 18.6 19.5 19.8 20.3
5.4 9.3 10.6 13.7 16.5 17.3 17.3 17.1 17.7 18.3 18.8 18.9 19.4 19.2 20.3 20.1
5.2 9.2 10.8 13.5 16.9 18.4 19 19.6 21.2 21.8 22.8 22.8 23.1 22.1 22.9 23.2
4.7 8.3 10 11.7 13.4 14.2 13.6 14.1 15.1 13.7 14.1 14.8 14.7 14.1 15.1 15.3
5 9.4 11 13.1 14.9 15.8 16.3 16.4 16.8 17.2 17.6 18.5 19.2 19.6 18.2 19.2
5.4 8 11.4 13.7 15.1 15.3 16.2 15.8 16 16.3 15.9 16.7 16.9 17.6 18.1 18.2
5.7 9.6 11.5 14.9 17.6 17.7 18 19.1 19.8 20.7 20.9 22.1 23.7 23.6 24.2 24.6
4.8 8.7 10.9 13.4 16.6 16.2 17.6 16.8 16.9 16.3 16.2 16.5 17.2 16.3 19.8 20
5 9.8 11.3 13.7 16.8 18.1 18.8 19.3 19.4 20.5 20.5 21.2 21.4 22.9 24 24.7
NaN 9 10.5 12.8 14.7 16 16.6 17.4 17.2 18.3 16.5 18.1 17.1 17.4 18.1 18.3
5.3 9.2 10.6 12.2 13.4 14.1 14.6 15 15.4 15.6 15.3 14.9 15.6 16.4 17 16.5
5.3 9.2 11.4 12.2 13.7 14.7 14.9 14.8 14.4 14.3 14.1 14.6 14.8 16.4 16.5 15.8
5.3 9.2 11.2 14.8 17.3 18.3 18.4 18.6 20.3 20.5 20.8 20.8 20.9 20.3 20.9 21.9
8.1 10.4 11.8 13 15.1 15.3 16 16.7 16.4 15.8 16.4 16.1 16.1 17 18 17.3
4.6 8 9.5 12.1 16.4 16.8 17.2 17.6 17.8 18.2 18.6 19.4 18.6 19.3 19.9 20
5.1 9.1 9.6 14.7 19.4 18.4 19.1 19.5 20.2 21.4 21.4 21.7 22.3 23.4 23.4 24.3
5.6 8.2 11.5 14.2 16.9 17.8 17.9 18.9 18.6 19.6 20.1 20.8 21.7 21.5 21.2 21
5.4 8.9 10.4 12.7 14.8 16.2 16.3 17.8 18.8 18.7 18.6 19.6 21.5 21.5 20.9 21.3
5 8.8 10.5 11.8 15.5 16.6 17.3 16.4 16.9 17 16.5 16.8 17.3 17.2 17.8 17.7
NaN 8.4 10.1 12.7 16.6 17.2 19.4 19.8 20.1 21.1 19.9 21.5 22.6 23 23 23.6
NaN 7.2 8.9 10.9 13.9 14.9 16.3 16.9 17.3 18.4 17.5 18.6 19.6 20.5 20.4 20.6
NaN 8.6 10.7 13.3 19.7 19.1 20.3 20.7 21.4 22.7 21.5 22 22.7 22.8 24.5 24.4
5.6 9.5 10.7 12.1 13.8 14.7 14.9 14.8 16.2 15.6 15.2 14.9 15.8 15.7 16.6 16.5
5 8.8 9.9 11.1 12.5 13.3 14.1 14.3 14.5 14.8 15.6 14.8 15.1 15.3 16.5 17
4.6 8.2 10.1 13.1 16.5 17.3 18.2 18.6 20 21 21.2 21.5 21.6 21.8 21.5 22.4
5.4 8.9 10.9 12.7 13.9 15.3 15.7 15 15.1 15.9 15.2 16.3 17.2 18 17.9 18.2
5.2 9.4 10.6 12.4 15.2 16.6 15.7 16.7 17.1 19.5 19.3 21 21.3 20.2 22.7 21.5
6.2 10.1 10.5 13.4 18.4 19.1 19 19.8 21 21.8 21 21.5 21.5 23.3 22.6 23.2
5.3 8.4 12 15.9 18.2 17.8 18.2 19.1 18.2 18.4 19.2 20.3 21.4 20.7 20.7 21.4
5.4 9.1 9.9 10.5 12.1 13.4 13.9 14.4 14.8 14.7 15.3 16.2 16.6 17 16.7 16.5
4.9 8.7 10.7 12 13.9 14.2 15.7 15 14.9 14.7 14.7 15.4 15.5 16 16.1 15.9
NaN 7.5 9.4 13.8 17.6 17.4 18.7 18.7 18.7 20.5 19.8 20.9 21.5 21.8 22.6 22.4
NaN 7.1 8.5 11.8 14.7 14.5 15.1 15 15.4 16.4 15.6 16.6 17.8 19.1 18.2 18.8
NaN 8.6 10.8 12.6 17.2 17.3 17.6 18.5 18.7 19.5 18.7 19.7 19.8 19.9 20.8 21.3
4.7 8.2 10.6 15.3 18.7 20.3 21.1 21.6 23.2 24.3 25.8 25.1 26.2 27.1 27.1 27.7
4.8 8.8 11.3 14 16.8 17.9 18.7 17.9 19.4 19.8 19.6 19.3 19.6 19.5 20.5 22.2
4.8 8.5 10.6 14.1 16.9 17.9 18 18.3 19.4 20.1 20.2 20.5 20.8 21.2 21.2 21.6
5.6 8.8 11.3 13.4 14.8 16.4 17 16.5 16.9 17.2 17 17.7 18.4 18.3 19.5 19.2
5.5 9.2 10.8 12.7 14.8 15.6 14.9 15.5 16.5 16.9 15.8 16 16.4 16.7 17.3 19.2
5.8 9.6 10.3 13.4 18.4 18.6 18.6 19.6 20.3 20.7 20.3 21.1 21.6 22.8 22.6 23.8
4.4 8.3 11.3 15.3 17 18.7 19.3 20.8 21 21 22.6 23.8 24.7 25.1 25.3 24.6
4.7 8.2 9.8 11.1 13 14.3 15.2 14.7 15.5 15.1 15.4 16 16.9 17.5 17.7 18.2
4.4 7.9 9.6 12.4 16.3 15.8 16 16.7 16.6 17 17.6 17.8 18.6 18.5 18.8 19
NaN 7.2 9.2 13.2 17.4 17.5 18.8 19.5 19.9 21.7 20.9 22.1 22.7 23.6 23.7 23.8
NaN 7.8 10.2 13.4 17.4 16.7 18.3 18.3 18.3 20 17.3 18.5 19.2 19.4 18.9 19.4
6.3 12 14.3 15.9 18.6 17.8 18.3 17.9 18.5 17.5 18 18.5 18.2 19.2 18.7 NaN
4.7 8.4 10.9 13.4 15.4 16.2 16.4 16.2 16.2 16.3 19 16.2 16.5 15 17.8 18
8.2 10.5 12.7 17 20.4 20.2 21.1 21.9 22.6 22.5 23.4 23.6 24.8 24.9 25.7 26.1
4.8 7.9 10.5 12.3 13.9 15.4 16.2 16.7 16.8 17.1 17.4 18.4 18.9 19.9 21.6 20.8
5.1 9 11.4 12.6 15 15.6 15.1 15.6 16.5 16.3 18.2 17.1 17.4 19.5 19.4 19.9
6 10.2 11 13.4 15.2 16.3 16.3 16.1 19 18.3 19.1 19.4 20.6 20.6 20.7 22.7
5.1 7.8 10.9 12.3 13.4 14.7 15.3 15.5 15.6 16 16.1 16.9 17 17.3 17.8 18.4
4.5 8.8 10.1 11.7 13.6 14.6 15.2 15.6 15.5 14.9 15.6 16.3 16.7 16.9 17.2 17.5
5.4 9.3 11.8 15.7 19.7 18.5 19.6 20.2 19.7 20.4 20.5 21.2 21.6 21.5 22.1 23.1
NaN 7.1 9.1 12.9 17 17 18.6 19.3 19.7 21.1 20.3 22 22.4 22.9 23.4 23.4
NaN 7 8.1 8.7 10.4 11.6 11.8 12 12.1 12.4 12.6 12.4 12.7 13.6 14.3 13.8
7.1 12.5 14.8 18 20.4 19.3 21.8 20.1 20.7 21.2 21 20.6 21.7 22.6 23.4 NaN
6.4 10 12.2 17.6 21.6 23.1 23.1 23.5 24.9 24 24.4 25.5 25.7 26.5 27.3 28.4
4 7.8 10 11.4 12.9 14.4 14.7 14 14.8 14.4 14.7 14.5 14.4 15.6 15.5 15.9
7.9 10.2 14.1 17.6 19.5 19.5 20.4 20.9 21.3 21.8 22.3 22.7 23.3 24.4 24.9 24.3
4.8 7.8 10 11.8 13.4 14.6 15.8 14.8 16 16 16.6 17.7 19.6 19.8 20.6 21.2
4.9 8.9 11 NaN 13.7 NaN 16.4 16.9 17.7 18.7 18.2 19 18.8 20 19.9 20.3
4.8 7.7 10.2 11.2 13 13.9 15 15 15.5 15.1 15.4 15.4 16 15.9 16.1 16.4
4.8 8.2 11.1 12.3 15.1 17.3 17.7 18.6 18.3 18.9 18.5 19.8 20.6 20.6 21.1 21.2
5.1 9 11.6 17.1 21.5 20.1 20.8 21.3 21 21.5 21.4 21.8 22.6 22.6 22.9 22.7
5.7 10.7 13 16.5 20.4 21.7 23.2 24.4 25.5 26.5 27.5 28 28.3 30.9 32.8 33.5
NaN 7.4 9.4 12.6 15.8 15.7 17.7 17.6 17.9 18.7 17.1 18.8 19.3 20 19.5 20.1
NaN 6.9 8.3 9.6 11.1 12.2 12.6 13.6 13.8 14.3 14.1 15 15.1 15.9 16.2 16.6
6.4 11.2 14.3 19 21.2 21.1 19.9 23.2 23.2 24.4 25.1 25.4 26.2 27.1 27.9 NaN
5.7 9.5 10.1 12.5 16.6 17.1 17.5 18.8 20.1 20.4 19.9 21.2 21.8 25 24.3 26.7
5.1 8.7 10.4 13.4 17.7 19.5 20.6 20.5 21.8 22.5 22.8 23.1 23.1 22.1 22.8 23.8
8.1 10.5 13.8 17 19.7 19.6 20.3 20.5 20.6 20.7 20.9 21 20.9 21.8 22.1 21.8
5.4 9.3 11.5 13.7 17.6 17.9 18.2 18.3 19 18.5 20.2 20.9 18.1 NaN NaN NaN
6.3 10.3 12.8 16.7 19.3 18.8 20 20.4 17.9 21.3 20.8 20.5 21.3 21.9 21.7 22.6
5.2 9.2 12 14.1 18.3 19.4 21.5 22.5 23.4 24.8 23.7 24.3 25.4 24 24.1 24.4
5.2 8.2 11.2 12.6 14.4 14.7 16.5 17.1 17.1 17.4 19 19.2 19.1 19.4 21.4 21.4
5.2 8.9 12.1 14.7 16.8 17.1 17.5 17.7 17.3 18.8 17.7 18 18.9 19.5 19.3 19.1
5.6 9.3 12.3 13.7 17.1 18.2 18.2 19.6 19.7 20.6 20.8 22.7 24.6 25 25.1 26.5
5 8.1 10.2 13.9 16.4 17.5 17.7 19 19.6 19.5 20.7 20.8 21.6 22 22.2 22.3
5.4 9.1 12.2 14.5 18.3 18.2 18.8 18.3 20.3 20.4 19.6 20.5 20.2 20.9 20.9 21.9
4.8 8.3 10.5 14.5 18.2 18 19.6 19.4 17.8 21.8 21.4 23.2 23.3 24 25 27.6
6.3 11.1 13.9 16.3 17.3 17 17.6 18.7 18.9 19.6 19.6 20.3 20.9 22 23 23.6
5.5 8.4 9.6 11.5 12.2 12.3 13 13.7 14.3 15.2 14 13.8 13.8 14.6 14.6 14.8
5.5 9.2 11.8 14.5 16.5 16.4 16.9 17.1 18.2 18.4 16.1 18.4 20.1 19.9 21.4 21.9
5.1 9.1 11.8 15.2 15 15.9 16.4 16.2 16.5 16.7 17.6 17.8 18.5 18.8 18.4 19.9
5.1 9.1 12.1 14.2 16.7 16.4 16.5 16.2 16.5 16.7 16.5 17.5 17.8 18 18.7 18.9
5 8.1 11.5 14.6 16.7 16.5 17.4 17.4 17.6 19 18.9 19.3 19.9 20 20.9 21.2
4.8 8.3 11.1 13.7 17.9 19.7 21.5 22.5 22.8 24.7 23.6 24.5 25.1 25.9 26.8 26.3
5 8.7 11.3 13.2 16.3 16.9 18.1 18.1 NaN 19 17.7 19.4 20.5 20.2 20.5 16.9
4.7 8 9.6 11.7 13.3 15 14.9 15.2 15.6 16.7 16.4 17.7 18.4 17.6 18.8 20.2
4.7 7.9 10.4 13.2 14.9 15 15.3 15.8 16.9 18.1 16.2 16.3 17.8 18.2 18.8 18.5
4.6 8.1 9.9 11.7 15.4 15 15.7 16.4 17.3 17.3 17.1 18 17.8 17.8 18.1 19.1
5 8.8 10.9 12.6 15.8 15.7 15.6 15.4 15.5 15.9 17.1 18 18.1 19.1 21.2 21.4
5.9 9.1 11.6 15.8 17.7 17.3 18.1 19.6 21.3 21.2 19.9 20.8 20.3 21.9 21.9 22.3
5.8 8.3 11.4 15 17.7 19.2 19.7 21.7 22.2 22.8 22.9 23.4 23.9 24.4 24.2 25.2
4.4 8 10.2 12.2 13.9 14.7 14.8 15 15.1 15.7 15 16.6 18.1 19.9 21.3 21.3
6.1 10.2 13.3 16.9 18.6 18.5 18.6 19.3 19.4 20 21.5 22.1 22.4 23 22.8 24.2
5.3 8.8 10.1 13.5 15.8 15.3 16 16 17.3 17.1 18.1 19.3 19.1 19.3 19.9 19.3
5 7.7 10 11.9 14.5 14.6 15.3 14.5 14.6 16.6 16.1 16.3 17.6 17.2 18 18.8
5.2 8.7 11.3 12.1 12.9 13.6 13.6 14.1 14.1 15.6 15.9 16.4 17.1 17.3 17.4 18.2
5 8.7 11.9 15.4 18.9 18.8 19.3 20.7 21.3 22.5 21.7 23.2 24 23.8 23.2 24.7
5.4 9 10.3 12.6 15.1 16.6 16.5 17.2 17 17.6 17.5 18.1 18.5 18.9 20.5 20.2
4.9 8.4 10.5 14.2 18 18 18.6 18.8 NaN 21 21 21.5 21.9 23.5 23.5 25.3
4.6 8.6 10.3 11.8 14.6 15.5 16.6 16.9 16.7 17.2 17.8 18.8 19.2 20.3 20 20.1
6.1 9.4 11.7 13.5 13.4 13 14 14.9 14.3 14.5 14 15.2 14.2 14.9 14.9 15.2
5.7 8 11.5 15.4 18 19.1 19 20.7 20.6 21.2 21.6 21.7 22.7 22.8 22.4 23.4
6.3 10.7 13.4 17 19.3 19.3 19.8 19.9 19.4 20.3 20.9 22.6 23.7 24.6 24.4 24.9
5.6 9.1 10.4 13.4 16 15.1 15.6 15 15.8 16 16.2 17.9 17.9 17.2 17.4 18
5.3 8.5 10.8 13.6 15.9 15.4 16 16.3 16.1 16.8 17.1 17.7 17.8 17.9 19.2 19.3
5.4 8.7 10.7 10.8 12 14.1 15.8 16.5 16.4 16.9 17 17 17 17.1 17.4 17.7
5.2 9 11.9 15.7 19.2 19.4 19.9 20.8 20.8 22.2 21.3 21.4 22.4 23.2 23.7 24.7
4.8 8.6 10.5 13.8 16.1 16.8 17 17.8 17.5 18.3 18.7 18.9 19.6 20.4 20.7 21.4
5.2 8.9 11.1 14.3 16.6 18.3 18.9 18.2 19.5 20 20.1 20.5 19.9 19.8 20.4 21.2
5.2 8.8 11 12.5 16.6 18.4 21.4 22.2 NaN 24.7 25.9 26.7 26.7 28.4 28.4 29.2
4.4 8.4 10.9 14.2 16.7 16.4 17 17.9 17.5 17.4 16.4 17.8 17.2 16.8 17 16.9
6.2 9.1 10.7 13.7 15.4 15.9 16.3 16.7 16.9 17 16.5 17 17.7 18.7 21 23.1
4.7 7.2 9.6 11.1 12.9 13.6 13.2 14.3 14 14.8 13.6 15.1 14.9 14.9 15.7 16.3
5 8.3 11 12.3 13.4 14.3 14.5 14.4 15.3 15.4 15 16 16.6 16.3 16.8 16.8
6.3 9.7 12.8 16.6 18.3 18.1 19.6 18.7 19.2 18.9 21.2 21.5 21.4 21.2 20.6 21.5
5.5 9 10.3 13.9 17.7 18.2 19.4 19.5 19.2 19.8 20.9 21.9 21.5 21.8 21.1 22.5
4.7 7.6 9.8 11.7 14.3 14.4 15.9 15.6 16 17.3 17.2 17.2 18.3 17.5 18.5 18.09
5.2 8.7 10.2 11.4 14 15.2 15.4 16 16 17.5 16 17.1 18.1 18.2 18.4 18.5
4.6 8.2 10.6 13 13.9 13.2 13.9 14.1 14.2 14.6 14.7 16.3 16.2 17.2 18.1 18
4.8 8.5 10.7 13.2 17.1 18 18.5 18.5 19.8 20.6 20.8 20.8 20.7 20.5 21.1 22
5 8.7 10.3 12.7 12.9 13.3 14.6 16.2 16.5 16.5 16.9 17.3 18 20.2 17.7 17.3
3.9 7.4 9.7 12.5 16.4 17.3 18.1 18.4 17.6 17.8 18 17.9 18.2 17.9 18.8 19
5.6 7.8 11.2 15.1 16.6 18.2 18.4 19.4 19.7 20.3 21.8 22.5 22.6 22 21.6 23.5
5.3 8.4 11.1 14.7 18.4 18.3 20.1 20.3 21 21.8 20.6 21.1 22.1 22 21.9 22.6
5.3 9.4 11.4 12.4 16.3 17 16.6 17.3 18.4 18.3 17.8 18.9 19 19.5 19.9 21
4.1 6.9 9.4 12.1 14.8 14.4 15.4 15.2 15.8 16.4 16.2 17.1 16.6 17.1 17.4 16.8
5 8.6 11.3 13.7 16.1 16.3 16.9 18.4 18.2 19.3 19.5 19.9 20.4 20.7 21.1 22.6
4.7 8.6 10 11.4 13 13.4 13 13.4 13.4 14.2 13.7 13.9 14.6 14.8 15.3 14.6
4.7 8.2 10.3 11.6 12.4 13.2 14.5 14 14.9 15 15.4 15.7 17.2 17.6 17 18.4
4.6 8.5 9.8 10.8 14 14.5 15.4 16.4 15.1 14.8 15.2 17.2 18.7 19.4 19.3 19.3
6.3 11 12.9 16.2 18.2 17.9 18 19.5 19.4 20.6 20.3 20.8 22.2 22.4 23.1 23.2
5.8 9.1 9.8 11.1 11.6 11.6 12.7 14.5 14 14.3 13.6 13.9 13.4 13.6 14.1 14.4
6.4 9.2 12.5 16.2 18.3 18.7 18.9 19.7 20.7 20.7 21.2 21.8 23 22.9 23.9 23.4
4.4 6.9 8.9 10.7 12.2 13.8 14.4 14.3 14.5 14.3 14.7 15.1 16 16.4 16.1 16.1
4 7.8 10.8 13.7 16.4 15.3 15.3 16.2 17.4 18 17.6 19.2 18.8 19.5 19.9 20.9
5.6 9.1 10.2 12.7 14.8 15.2 14.5 14 14.8 15.2 14.6 16.5 16.7 16.8 18.6 18.3
2.5 6.5 8.1 10.3 13.9 14.9 14.8 NaN 17.3 18.3 18 18.9 19.2 19.3 19.6 21.7
5.1 9 11 11.6 14.1 15 15.1 15.5 15.6 16.8 15.1 16.7 16.4 17.5 18.2 18.5
5.1 8.6 11 12.9 15 15.4 16.3 16.4 17.5 17.8 17.3 17.9 18.5 19.9 20.5 20.1
4.4 7.5 9.4 12.6 16.3 16.3 16.4 NaN 15 17.3 15.9 16.6 17.2 17.1 16.6 18.2
5.4 9.3 10.7 11.4 15.3 18.9 20.8 22 22 23 21.3 23.2 22.9 24.2 24.8 25.9
5.6 10.1 13.4 17.8 18.9 18.5 18.4 19.8 19 19.8 19.5 20 21.2 21.1 21.4 21.8
5.9 NaN 10.9 13 14 14.5 15.5 16.1 16.4 17 15.9 16.2 16.4 16.3 17.1 17.3
5.2 7.7 10.2 10.4 12.7 13.4 12.9 14.4 14.2 13.8 13.2 14.5 14.2 15.4 15.7 15.7
6.1 10.3 13.5 17.7 19.1 18.9 19.3 19.2 19.8 19.4 20 20.3 20.3 20.5 20.4 21.1
5.7 9.6 12.2 14.8 17.8 18.1 18.4 22 21.9 20.8 20.1 23.3 23.7 21.6 22.8 21.2
5.7 9.1 11 13.4 17.3 18.5 18.6 19.1 20.1 20.5 20.4 22.1 21 22.4 21.9 23
4.8 8.2 11.6 13 16.6 15.8 16.6 17.9 16.9 18.2 18.4 17.6 18.5 18.6 19 18.5
4.7 8.3 10.6 12.4 14.6 15.2 15 15.1 15.7 17.3 16.5 17.6 18 18.3 18.5 19.5
4.7 8.3 10.3 12.4 15.1 15.4 14.9 16.1 16.7 17.5 17.7 18.9 19.6 18.7 20.2 20
5.2 8.3 10.7 14.1 15.8 16.1 16.6 16.2 17.4 18 17.1 17.4 17.9 18.1 18.9 19.5
5.7 9.4 12 14.7 16.8 16.6 17.5 18.2 20.1 20.7 19.4 19.6 20.1 20.2 20.2 22.6
5.2 9 11.6 13.5 16.7 17.1 17.8 18.7 17.9 18.4 19.3 20.5 20.8 21.5 22.3 23.4
5.1 9.8 13.4 18.7 20 21.6 21.7 23.5 24.3 25 24.7 24.8 26.1 26.5 27.3 27.6
6.3 9.1 10.7 13 14 13.7 15.3 16 16.2 16.3 16.9 17.1 17.2 17.6 18.6 19.5
5.7 9.7 11.4 13.3 16.5 18.1 17.5 18.8 19 19.8 19.5 20.1 20.9 21.4 22 21.9
6 10.2 13.1 17.9 21.8 23.3 23.7 24.7 26.2 26.5 26.9 26.8 27.4 27.6 29.4 30.8
3.2 6.7 8.7 10.3 12.4 13.5 14.8 14.5 14.1 14.7 15.5 15 15.4 15.9 15.8 16.4
4.3 8 10 10.4 13.3 13.6 14.1 15.3 16.3 17.3 19.3 19.2 18.3 19.8 21.5 20.3
5.1 8.7 10.6 13 16.7 15.4 14.9 17.3 19 17.9 17.6 18.3 18.8 18.8 19.7 18.5
5 8.9 11.7 14.7 19.3 18.2 19.6 20.6 22.1 21.8 22.5 22 23.8 23.9 25.1 24.4
4.6 7.6 9.2 10.9 13.4 13.5 14.9 15 15.2 15.6 15.4 15.7 15.2 15.6 16.3 17
5.6 9.2 11.5 13.3 14 13.9 15.3 17.6 16.5 17 17.3 17.3 17.4 18.4 19.1 19.2
5.4 8.6 10.6 11.6 14.9 16.8 18.1 19.3 19.7 20 20 21.6 23.4 22.4 22.7 23.7
4.3 7.3 10.1 13.3 16.6 17.1 17.7 17.1 18.8 19.5 19.2 20 21 20.8 21.3 21.9
4.7 8.7 11.8 14.8 17 17.6 18 18.5 18.9 21 22.1 23.6 24.5 25.2 26 26.4
5.4 9.1 11.2 15.4 16.6 17 16.8 17.5 17.3 17.6 17.8 18.6 19.2 19.3 19.3 20.4
5.9 8.4 11.3 13 15.6 17.1 16.3 17 17.4 17.5 16.5 18.1 18.2 17.9 18.3 18.7
5.5 9.3 11.7 13 15.4 16.9 17.6 17.9 18.6 18.4 19 18.4 19.3 19.8 19.8 21.5
4.5 7.7 10.1 12.8 13.7 13.1 15.2 15.4 16 15.3 15.8 15.9 16.3 16.5 16.9 18.1
4.4 8.1 10.5 12.1 13.8 14.1 14.2 14.9 16.6 16.1 16 15.8 16.4 16.8 17.4 18
3.7 6.8 8.4 10.3 12.9 12.4 13.3 13.5 15.3 14 14.3 14.2 15.4 15.1 15.7 16.4
3.9 8.1 10.1 11.9 16.1 14.9 16.2 16.8 17.1 19.4 20.7 21.7 19 22.7 23.8 24.2
6.3 10.1 13.7 17.6 20.9 20.4 22 22 22 22.3 22.5 22.8 22.5 23 23 23.7
4.1 7.1 9.8 11.8 14.2 14.1 17 16 17.1 18.1 18.5 18.6 19.2 20 20.4 21.2
4.5 8.3 11.7 14.6 16.3 16.6 17.3 20.1 20.3 21.3 21.5 22.8 23.6 23 23.9 24.1
4.4 8 10.5 13.6 15.5 14.8 14.8 15.9 15.5 15.4 15.1 15.9 15.5 16.5 16.2 16.8
5.7 9.6 11.7 17.1 17.4 18.2 19 20.1 21 21.7 22.2 22.8 24.2 25.1 26.2 26.7
4.3 7.7 10.5 13.5 15.9 15.9 16.7 17.9 18.8 19.4 19.3 20 21.8 22.3 23.5 23.5
4.6 8.3 11.6 15.1 19.3 20 21 21.6 20.9 21 22.2 23.8 25.4 25 26.3 26.8
4.7 8.1 10.4 11.3 14.4 13.5 15.2 15.6 17.3 13.9 14.9 15.6 17.6 17.9 19.3 19.7
4.6 8.1 10.5 12 14.5 14.2 16 16.3 17.1 17.7 19 17.5 22.4 20.5 20.8 20.5
6.1 10 12.8 14.8 15.4 16.2 17 18.3 19 19.2 19.9 19.3 19.7 19.7 20.5 22.3
5.2 8.4 11.4 12.1 16 16.8 19.3 20 20.4 21.3 20.2 20.6 21.8 22.4 23.2 23.4
4.2 7.2 9.8 14.3 17.6 18.5 19.3 18.8 20.4 21.2 21 21.3 22 22.8 22.8 23.6
4.6 8.2 11.1 13.8 15.1 16.1 16.1 17.4 16.9 16.8 16.6 16.6 16.9 17.1 17.3 17.5
5.8 9.4 10.8 13.2 15.3 15.7 15.6 16.7 16.6 16.5 16.9 18.4 19.4 19.4 20.3 21.1
5.6 9.7 11.7 14.9 17 17.4 18.2 18.5 19.2 20.6 20 21.3 20.8 21 22.6 22.4
5.6 8 11 13.3 14.6 15.6 15.9 16.7 17.1 17.7 17.8 18.5 18.8 19.2 20 19.7
3.7 7.1 9.5 11 12.2 13.1 14.1 14.9 15.5 14.9 14.5 14.6 14.9 15.1 15.6 15.8
4.7 8.2 10.7 13.3 15.3 15.1 16.6 17.3 17.2 17.7 18.1 20.1 20.3 20 21 21.1
4.3 8 10.3 12.1 14.8 14.2 16.8 16.2 17.1 15.5 15.9 15.5 16.5 17.6 17.9 18.7
3.6 7.4 10.2 11.5 14.6 14.4 15.5 15 15.5 16.5 16.9 16.1 16.5 17.4 17.9 18.2
4.5 7.4 9.3 10.9 12.8 12.2 13.4 15.1 14.9 14.7 15 14.8 16.6 17.3 17.4 17.6
5.6 9.6 12.8 14.2 14.4 14.4 16.7 18.6 17.5 17.2 17.7 17.9 17.8 18.9 20 20.4
4 6.5 9 12.1 16.7 15.4 17.6 17.1 18.8 19.7 19.9 19.9 21.2 20.4 21.5 22.6
3.9 6.8 9.6 13.8 16.4 16.9 18.2 17.7 19.2 20 19.7 20 20.4 21.2 21.8 22.3
5.1 8.8 12.2 18 21.4 20.9 21.2 19.1 21.9 23.5 24 26.1 28 29.4 29.1 29.1
5.5 9.1 11.1 12.1 13.5 14.5 15.6 15.1 15.6 15.3 16.3 16.9 16.6 17.5 17.4 17.8
6.1 10.5 13.3 19.5 19.9 21.6 23 25 25.7 27.1 27.1 27.9 29.8 29.7 30.3 32.4
4.7 9 10.6 11.5 13.1 13.9 14.4 15.6 15.5 15.2 16 15.9 16.3 16.9 16.9 18.7
4.6 8.1 11.2 12.3 13.8 14.3 15.8 15.9 15.4 15.6 15.1 15.7 15.9 16.3 17.5 17.4
4.7 8.5 12 14.2 17.4 16.3 17.5 18.6 18.7 18.2 18.3 19.6 21.3 19.2 20.6 20.9
4.3 7.6 10.6 13.3 17.5 17.5 18.3 18.2 19.3 18.8 18.7 19.8 21.3 19.5 21.1 20.5
5.1 8.3 10.1 13.7 18.2 16.2 17.7 18.1 18.8 19.8 19.8 20.6 20.8 21.8 22.5 22.5
5.1 8.3 9.6 11.3 16.3 16.5 16.9 17.4 18 18.8 19.1 19.7 20.1 20.9 21.5 21.7
5 8.3 11.5 12.5 15.7 17.5 19.2 21.1 21.6 22.5 22.3 22.9 24 25.3 25.6 25.9
4.1 6.7 8.7 11.5 13.3 13.1 14.2 14.4 14.4 15.6 16.4 16.8 20.1 17.3 18.5 18.3
4.5 8.4 11.8 15.2 18.6 18.4 19.1 20.2 20 20.8 21.2 22.4 22.6 23.1 24.8 25.6
5 8.2 10.4 12.9 14.1 14.2 15.2 16.1 16.1 16.5 17.4 17.4 18.4 17.4 17.6 17
5.5 8.7 11 12.8 13 14.8 15.4 16 17.4 16.9 18 18.5 20.1 20.3 20.5 21
6.1 10.6 13.4 16.6 17.3 18.4 19.7 19.7 21.7 21.3 21.7 21.8 21.9 22 22.6 25
5.6 9.7 12 14 13.5 19.5 20.1 21.8 21.5 22.6 23.9 24 25 25.5 26.2 27.1
3.9 6.7 10.2 13.5 16.3 17.6 18.5 19.1 19.8 22.1 21.7 22 21.8 22.4 23 23.1
4.2 7.3 10.2 13.7 16.4 15.5 16.5 17.1 18.7 16.9 17.1 17.3 18.8 18.7 18.6 19.2
5.1 9 11.5 12.6 12.1 13.9 15.4 15.6 16.2 15.7 16.6 15.8 15.7 17 16.6 17.4
4 7.1 8.5 11.1 13.5 12.1 13.9 13.9 15.2 15.3 15.1 15.2 15.4 15.3 15.9 16.2
6 10 12.6 17.7 20.6 20.9 22.5 24.1 24.3 25.4 25.8 26.3 25.8 26.3 26.9 27.2
5.4 8.9 11.7 11.5 14.3 17.6 16.9 15.7 16.4 17.3 17.7 17.6 17.8 18.1 18.4 18.6
3.7 6.6 9.1 13.2 14.6 14.7 15.9 14.8 16 16.2 16.3 16.5 17.8 17.6 18 18.6
4.3 8.4 11.2 14.3 17.2 17.5 17.7 18.8 19 19 19 19 19.6 19.7 20.9 21.2
5.1 8.4 10.3 12.4 13.8 14 13.8 14.6 14.1 14.5 15.3 16.4 16.5 17 18 18.3
5.6 9 12 13.8 15.3 17.8 18.1 15.7 16.6 16.6 18.1 18.5 19.7 20.1 21.5 21.3
5.9 10.5 12.5 14.3 14.8 15.5 16.9 16.6 18.6 18.1 17.5 17.3 17.8 17.4 17.9 18.6
4.3 6.9 9 11.1 16.4 17.8 19.5 21 20.6 20.4 19.6 20.5 21.9 23.2 22.8 22.8
4.8 8.7 11.8 14.4 17.5 17.1 17.3 17.8 18.1 18.6 18.5 18.4 18.3 19.4 20.6 20.7
5.2 8.9 12.2 14.6 13.5 14.5 15.1 15.9 18.4 17.2 16.7 17 17.2 18.9 19.5 19.8
4.4 8 10.4 11.8 14 14.3 15.4 15.6 15.6 15.7 17 17.5 17.6 19.6 18.9 20.7
6.2 9.5 12.3 14.5 16.2 15.3 17.8 17.8 17.3 18.8 18.8 19 19.1 19.6 20.5 20.6
5.3 8.6 10.4 11.4 14.9 16.1 18.3 18.6 18.8 19.8 19.7 20.3 20.6 21.4 22.1 22.9
3.6 6.1 8.5 12.6 13.9 14.7 15.7 15.6 16.6 17 17.6 17.8 18.9 19.3 19.8 20.4
4.5 8.2 11.1 14.3 15.5 15.3 15.1 15.9 16.5 15.7 15.4 16.1 16.5 17 17.7 17.2
5.8 9.6 12.2 16.3 19.2 20.6 20.8 22.1 22.8 23.5 23.7 25.3 26.2 26.7 27.1 28.8
5.4 8.7 10.9 11.8 13.1 15.4 15.4 15.6 15.8 15.4 16.3 16.3 16.5 16.2 17.4 17.4
4.6 7.9 11.5 14.2 16 16.7 17.6 18.4 19 19.7 20.6 21.3 22.6 23.9 23.5 24.1
4.3 8 10.4 12.1 17 16.9 18.2 18.6 17.9 20.1 19.2 20.8 21.6 22.4 23.1 23.7
4.6 7.9 10.2 12 13.2 13 14.3 14.2 15.8 14.8 14.1 13.9 14.5 15.3 15.8 15.8
4.3 8 10.6 11.8 14.6 14.2 15.4 15.5 16.7 18.6 20 19.8 20.2 21.4 22.1 22.7
5 8.1 10.3 13.3 15.8 15.2 16.9 17.5 17.7 18.8 18.4 17.9 18.3 17.8 17.8 18.3
4.4 7.6 10.1 13.4 17.5 17.9 19.3 19.4 19.5 20.6 20.9 21.4 21.4 22.2 23.1 24.3
4.4 7.7 9.5 9.5 12.6 14 15.8 16.2 17.1 17.8 17.9 18.3 18.9 19.9 20.6 21.2
3.6 6.1 8.7 12.7 15.2 15.7 16.3 15.7 16.9 17.7 17.1 17.4 18.9 19.2 20 20.6
5.6 9.4 10.9 12.9 13.1 13.8 14.9 15.9 15.5 15 15 15.7 15.8 16.6 15.6 16.6
4.7 8.2 10 10.4 12.2 13.9 15.5 16 16.5 16.9 17.1 17.9 18.6 19.4 19.5 20.5
4.9 8.3 9.3 10 11.5 11.5 13 13.6 13.9 13.5 14.5 13.8 14.6 15 15.1 15.3
4.9 8.1 10.3 12.1 14.5 14.7 15.2 14.6 14.4 14.9 14.8 15.1 14.7 14.8 16.5 16.9
4.2 7.1 8.7 12.1 14.3 13.8 15.8 16.4 16.7 16.6 17 17.2 17.5 17.8 18.2 19.2
5.3 11 11.8 13.5 14.4 15 14.1 15 15.9 15.6 17.2 17.7 18.3 18.3 19.7 19.6
5 9.1 11 13 15.6 15.9 16.5 17 18.1 17.7 18.5 18.2 19 17.5 18.8 19.2
4.4 8.1 11 12.9 15.9 17.5 18.8 19.3 19.6 20 20.2 21.5 22.3 22.9 23.9 24.4
5.3 9.3 12.4 15.9 18.9 20.9 21.6 22.1 22.6 24.2 24.2 25.9 25.6 27.6 26.4 26.6
7 12 12.6 13.4 15.5 17.3 19.1 20.1 NaN 20.3 21.3 22.1 21.8 23.7 24.4 24.5
5.8 10.2 12.1 15.7 20.2 20.5 20.9 21.1 21.6 22.3 23.7 24.4 23.8 25.1 25.8 28.2
4.7 8 9.7 10.4 14.4 14.6 15.4 15.2 15 15.6 16.1 17 14.3 17 16.2 17
5 8 10.3 11.3 14.3 15.4 16.1 15.4 15.5 15.8 16.8 16.9 17.7 18.5 18.9 19.6
4.8 8.1 10.9 12.4 13.9 14.2 15 14.5 15.1 15 16.8 16.7 16.4 16.4 16.4 17.4
4.6 9.4 12.5 13 13.8 14.9 14.6 15.2 14.9 15.5 14.6 15.5 16.3 16.8 17.4 17.4
4.7 7.5 10.3 14 15.7 14.3 16.6 16.1 17.2 18.1 18.2 18.2 19 19.4 20.1 20.4
5 8.8 10.5 13.8 16.6 17.9 18.3 18.6 18.1 18.3 18.3 19.6 20.9 21.2 22.6 23.4
3.8 7.2 9.6 11 13.4 15.2 15.8 15.8 16.3 16.4 16.2 17.6 18.7 19 19.5 19.4
4.6 7.6 10.5 13.6 15.5 17.3 18.8 19.8 19.8 20.1 20.6 21.7 22.6 24 25 26.2
4.7 7.8 12.1 14.8 18.2 19.3 20 21 21.6 23.9 24.4 26.5 26.6 28.2 28.9 29.6
6.5 11.9 14.9 20.4 21.3 22.6 23.7 23.5 NaN 24.2 24.7 25.1 25.4 26.1 26.7 26.2
5.5 9.6 10.6 11.8 14.1 15.7 15.8 16 17.1 17.5 18.7 19.7 19.5 20.2 20.8 20.8
5 8 10 10.8 14.3 15 16.6 16.8 17.5 18.4 18.8 20.2 20.4 20.9 20.7 20.8
4.1 7 8.8 10.1 11.9 14.6 14.8 14.5 15.4 15.4 16.7 16.4 17.6 18.9 19.7 19.7
4.5 8 10.9 14.1 17.5 18.4 19.1 19.4 20.1 20.1 20.7 21.7 22.7 23.8 23.7 24.2
4.9 10.4 13.7 15.7 19 20.8 21.8 22.4 23.1 23.4 23.5 23.9 23.8 24.5 24.4 25.8
4.1 6.9 8.3 10.6 13.7 15.4 15.4 17 17.4 17.4 17.8 17.7 17.9 18.4 19.3 19.9
4.7 8.5 10.5 11.3 13.4 15.6 15.2 15.3 15.2 16.8 15.9 15.7 16 NaN 15.8 17.6
4.9 8.8 11.9 14.8 16.2 15.9 NaN 17 17.4 17.3 18.1 18.4 18.5 18.3 19.5 21.3
4.5 7.8 10.2 10.9 12.8 14.3 14.8 15.2 14.5 15.2 14.4 15.1 15.8 15.8 16.1 16.6
5.1 9.1 10.3 12 16.5 16.9 17.9 18.6 18.7 19.5 19.3 20.3 20.6 20.7 21.9 21
5.5 9.7 12.2 15.8 17.3 19.7 18.4 19.2 19.4 20.8 20.9 21.6 21.4 23.5 23.9 24.1
5.8 10.9 13 16.6 18.8 19 19.4 19.8 NaN 20.1 20.2 21.4 21.1 22 23 22.3
5.7 10.3 12.3 14.5 17.8 17.5 18.7 19.9 20.9 22.6 23.4 24.3 25.5 27 26.6 27.5
4.3 7.7 9.2 11 13.2 14.3 15.2 14.8 15.3 15.7 16.1 17.2 17.5 18.8 18.7 20.3
6.3 10.1 11.4 12.2 15.2 16 17 16.4 17 17.2 18.4 18 20.1 20.1 20.9 21.2
4.9 8.3 10.7 12.1 13.1 14.9 15.6 16.3 16.2 16.2 16.9 17.7 17.6 18.1 18.7 19.4
4.6 9.8 12.4 14.8 15.1 16.3 16.9 17.9 18.3 19.2 21.9 20.7 20.3 21 21 22.1
4.9 8 10 12.3 15.5 17.4 17.5 19.1 20.1 21.1 21 21.7 22.3 23.1 23.1 23.2
4.7 8.7 10.3 11.9 15.8 17.1 17.3 17 16.8 17.3 17.6 17.6 18.1 NaN 17.1 20.1
4.7 8.8 11.7 16 17.3 18.4 19.2 19.3 19.5 20.4 21 21 22.4 22.3 23.2 24.1
4.6 7.6 10.7 13.1 16.6 17.2 17.7 19.2 20.6 20.2 20 20.5 22 23.3 23.1 23.7
5 9.2 10.7 12.7 16 17.1 18 19.4 19.6 19.9 20 22.2 22.5 22.5 23 22.9
5.2 9.2 12.1 14.6 16.1 16.6 17.4 16 16.8 17 17.8 18.4 18.4 18.4 18.8 19.5
6.1 10.6 13 16.7 19.2 19.3 21.1 21.1 21.6 22.6 24.4 25.4 25.7 27.4 28.6 30.9
4.5 7.8 10.5 12.9 17.5 18 17.8 18.5 18.8 17.8 19 19.9 20 21.2 21.2 21.5
6.4 9.8 11.5 12.8 15.1 15.9 17.5 16.9 17.3 15 18.9 17.9 19.1 17.1 20.4 20.3
5.1 8.5 11.6 13.5 14.6 16.1 17 17.6 17.2 18 18.9 18.6 19.4 19.2 20 20.4
4.3 7.1 8.8 11.4 13.5 14.4 15.7 15.9 15.7 16.7 16.3 16.8 16.7 16.9 17.2 17.9
5.1 8.9 11 12.4 14.1 15.5 15.2 15.2 15.4 17.2 16.4 16.6 16.8 NaN 17.3 17.9
4.5 8.2 11.1 14.7 16.6 18.3 18.9 18.4 18.8 19.2 19.7 20 21.1 21.3 22 22.2
4.5 7.8 10.8 13.5 17.8 18.6 19.1 20 20.7 20.5 20.5 21 21.2 21.7 22.1 22.3
5.1 9.6 11.8 12.4 14.2 15 19.2 20.1 21.3 21.7 22.2 23.6 24.5 24.6 26.3 25.4
5.8 9.8 12.4 14.7 19.1 20 21.3 22.2 22.5 23.5 24.6 26.5 26.9 27.4 28.1 28.3
7.3 12 13.7 16.1 17.3 18.8 20.2 20.7 NaN 21.1 21.8 21.9 21.6 22.8 24 23.7
4.2 7.2 8.6 10.2 13.8 12.6 12.8 14.1 14.4 14.2 14.2 15.2 15.6 15.8 15 16.1
5.3 9.8 12.1 14.8 17.3 16.6 17 16.8 17.6 17.5 18.9 19.7 19.9 20 20.5 21.5
6.2 9.5 10.8 11.7 15.2 13.8 15.5 15 15.2 15 16.5 15.8 16.6 18.5 18.5 18.6
5.3 9 11.2 11.6 14.6 17.5 18.3 19.6 20.1 20.4 22.1 22.2 23.1 23.7 24.6 24.5
4.7 7.6 9.8 11.9 14.4 14.3 14.7 14.8 15.1 16 15.6 16.2 16 16.3 17 17.7
6.8 12 13 10.6 18.9 18.5 19 20.4 22.6 23.7 24.3 23.9 26 29.1 28.7 30.6
5 9 11 14.5 16.8 17.6 17.7 17.6 17.5 17.7 18.3 18.9 19.8 20 20.3 20.9
5.1 8.2 11.1 14.8 14.5 18.5 20 20.7 21.1 22 22 22.9 23.6 24 23.8 24.9
4.9 9.1 11.4 11.2 13.5 15.2 16.7 16.6 17.7 17.4 17.4 18.3 18.4 19.3 19.3 19.6
6.5 11 13.7 16.5 18.9 19.6 21.3 NaN 22.1 23.2 24.7 25.5 26 27.2 28.1 29.2
4.3 8.8 12.6 14.9 16.7 15.9 15.4 16.4 16 19.5 22.3 22.5 23.6 24 23.8 24.3
6.5 9.6 10.7 11.6 16.3 18.1 17.6 16.8 17.6 18.3 18.4 18.5 17.8 18.1 18.8 19.6
4.9 8.4 10.9 12.4 14.1 14.6 15.8 14.9 15.2 16.1 15.7 16.1 16.4 17.1 18.6 19.2
4.1 6.9 8.9 11.8 13.8 13.7 15.9 17 18 18.9 18.9 19.8 20.5 21.9 21.7 21.5
6.1 10.9 11.5 14 17.3 15.8 15.8 16.3 16.3 17.2 18.7 18.9 19.6 21.2 22 20.5
4.6 8.3 9.5 10.8 12.9 13.3 13.2 13.6 14.4 14.7 15 14.7 15.6 14.1 15.8 15.8
5 7.8 10.8 10.5 13.1 15.4 18.3 18.9 18.6 19.4 19 20.6 20.9 21.5 22.6 23.2
5.7 9.9 12.5 14.6 17.5 20.6 20.6 20.9 21.4 22 22.5 24.4 24.5 24.3 25.4 24.6
5.4 9.8 12.5 15 16 16.2 16.6 16.5 17.9 18.8 20 20.1 20.6 NaN 21.8 24.2
5.8 10.1 10.8 12.1 14.4 15.1 15.6 15.8 15.5 16 15.7 15.8 16 16.5 17.5 20
6.1 9.6 11.3 11.6 12.4 13 15.3 15.5 15.6 15.6 16.1 16.1 16.6 17.3 17.6 18.4
4.7 8.4 10.1 11.1 12.9 14.3 15.1 15.3 15.5 16.2 15.8 16.3 15.9 16.5 17.7 18.1
4 6.7 8.8 11 12.1 11.1 11.4 11.4 11.6 12.4 13.1 13.6 13.6 13.7 13.8 15.1
7.4 12.8 14 17.1 18.8 19.7 20.6 21.4 21.2 22.3 23.4 22.5 24.1 24 25.9 24.6
4.9 8.7 10.8 12.9 15.8 16.4 17 16.1 17 17.9 18.2 18.2 18.4 17.6 19.4 19.9
3.8 6.7 8.8 9.6 12.3 13.4 12.8 14.3 13.8 13.2 13.2 14.7 14.9 15 14.6 14.2
4.6 8.7 10.6 9.8 11.3 NaN 17.9 19.1 17.8 16.8 18.5 21.4 20.8 20.7 21.9 20.6
5 8.6 11.5 14.7 17.2 18.4 18.7 19.9 20.6 20.9 21.1 22.5 22.2 23.8 24.5 26.1
5.5 10 11.6 13.2 16.7 17.6 19.2 18.8 19.4 19.5 19.9 20 20.5 21.9 21.9 23.1
4.6 7.7 9.6 10.3 14 15.1 14.4 15.1 14.6 15.4 16.1 16.3 16.6 16.7 16.7 17.8
5.5 9 11.2 13.9 15.3 15.3 16.8 18.8 21.9 21.6 20.8 22.7 22.4 23.1 22.6 24.5
4.9 8.4 10.8 13.1 15.5 14.5 15.7 15.4 16.1 16.3 16.8 NaN 18.3 17.9 18.1 18.5
5.7 8.7 10.6 14.6 18 17.2 17.9 18.1 17.2 17.9 18.4 19.4 19.8 18.5 20.3 20.9
5.6 8.2 9.1 10.3 10.7 11.5 12.3 12.7 13.2 14.3 14.9 15.5 15.8 16.1 16.5 14.8
5.3 8.5 10.9 13.7 18 18.5 18.9 19.8 22 22.5 23.5 24.5 26 NaN 26.7 27.5
4.9 7.5 9.8 13.6 18.2 17.5 18.1 18.4 18.8 18.9 20.2 20 19.5 20 19.8 20.8
5.5 8.7 10.5 12.4 16.4 17 NaN 18.6 18.8 20 21.2 21.8 23.9 24.2 25.2 25.3
5.4 9.2 10.8 11.8 14.7 14.4 17 19.2 21.8 23 23.5 24.2 24.5 25.6 24.1 26.2
5 8.1 9.7 9.8 11 NaN 13 13.3 13.6 15.4 16 16.8 17.6 18.3 18.4 18.2
6 NaN 11.5 16.7 18.8 18 19.5 19.9 19.9 20.5 20.8 21 21.2 21.9 21.9 22.4
3.7 8.1 11.1 14.4 17.2 17.5 19 19.4 20.4 20.6 21 21.2 20.4 20.8 21.9 22.6
5.6 9.4 12.4 17.6 19.7 18.6 19.1 19.3 20.2 20.2 20.6 21 21.4 22.2 22.5 23.2
4.7 7.6 9.6 13.2 16 15.4 16.3 16.5 17.5 18.3 18.6 19.1 19.8 20.6 21.7 23.2
3.4 7.7 7.1 9 11.6 11.9 12.5 13.3 13.5 14.9 14.6 15.5 16.3 16.7 16.6 16.9
5.5 8.8 11.6 13.9 16.6 17.4 17.5 18 19.7 20.7 21.1 22.1 23.7 NaN 24 24.8
6 8.6 12.4 16.5 20.6 20.5 20.7 21.1 22.4 22.7 23.5 23.5 24.3 25.4 25.5 26
5.8 8.9 10.3 12.5 14.6 15 NaN 15.3 15.1 16 17.1 16.6 18.2 19.4 20.4 18.8
4.6 7.3 9.4 11.1 12.9 13.9 13.5 13.3 13.8 14.5 15.4 15.9 16.9 19 18.1 20
5.6 9.4 11.7 15 16.9 17 16.9 16.4 17.5 18.5 18.1 19.3 19.4 19.9 19.7 20.9
5.8 9 11.5 13.9 16.5 NaN 18.6 18.9 20.4 21.4 21 22.7 23.4 24.3 24.7 24.8
4.6 NaN 9.9 11.5 13.2 13.6 14.9 13.6 14.6 15.6 16.1 16.2 16.6 16.8 18.2 18.5
5 8.7 11 14 16.1 16.3 16.2 16.7 17 17.5 18.5 19.4 20.4 21.1 21.9 22.5
5.4 8.8 11 15.3 19.5 20.1 19.7 22 22.6 23.3 NaN 26 25.9 26.9 26.7 26.9
5.7 8.6 10.6 12.8 15.2 14.6 15.4 15 15.1 15.3 15.6 16.6 17.2 18 17.3 18.2
5.2 8.1 9.2 11.9 12.1 13.2 14 14.4 14.6 16.3 17.7 20.8 21.1 21.8 21.4 23.5
5.2 8.8 10.9 13.7 16.3 16.1 16.2 16.3 17.3 17.2 17.9 18.6 18.8 NaN 19.7 20.4
4.4 7.2 9.2 11.7 15.2 15.1 16.9 18.8 19.8 20.8 22.5 23 23.7 24.8 25.2 25.4
5.2 8.2 9.8 11.8 14.5 14.7 NaN 16.2 16.4 17.3 17.1 18 19.2 20.1 20.7 20.6
4.7 7.5 9.6 9.3 14.2 13.8 15.2 16.3 17.3 18.6 19.4 19.4 20.3 20.5 19.9 20.9
5.2 8.5 11.5 15.6 17.4 16.2 17.3 18.2 18.2 19.3 19.5 19.7 21.7 21.5 22.1 22.4
5.2 8.7 10 11 11.3 NaN 12.9 13.6 14 14.3 14 14.5 14.7 15.1 15 15.5
4.8 NaN 10 10.8 12.5 12.9 13.9 13.7 14.4 15.1 14.9 15.8 16.1 16.2 16.5 17
5.7 9.6 11.3 12.4 12.2 11.6 11.3 14.3 15.7 15.4 16 16.7 18 19.3 19.5 19.8
5.2 8.9 11.2 15.1 19.6 18 19.1 19.4 19.8 20.8 21.2 22.2 22.4 23.5 24.5 25
5 8.1 10.7 13.4 16 15.4 15.6 16.4 16.7 16.6 17.5 18.5 19 19.2 19 19
5 8.1 9.3 12.6 14.9 16.6 17.1 17.1 17.5 18.8 19.8 19.9 20.7 20.7 21 21.5
5.4 8.6 11.4 14 14.6 13.7 15.1 14.9 15.8 14.9 14.9 15.4 16.2 NaN 17.2 17
5.5 9.3 10.5 13.1 15 15.4 NaN 15.5 16.2 17.1 18 18.2 19.2 19.2 20.3 20.1
5.3 7.7 10.3 12 13.7 14.4 14.9 16.9 17.9 17.6 18.3 18.4 19.7 19.4 19.4 20.1
4.4 7.4 8.7 9.7 11.3 11.5 12 12.6 12.9 13 13.6 13.9 14.5 14.3 14 14.6
6.1 NaN 12.1 14.8 16.4 16.5 17.6 19 19.4 20.3 20.4 21.1 21.1 21.8 22.7 22.3
4.8 9.2 12.2 11.9 14.6 16 17.1 16.9 17.1 19.8 20.8 20.7 20.8 20.6 21.3 22.5
6 8.7 10.9 13.4 17.1 17 17 17.2 18.2 18.3 17.9 19.4 20 20 20.3 20.7
4.9 7.1 10.3 13.6 13.1 14.7 15 15.3 15.5 16.2 16.6 16.1 16.7 16 16.7 17.1
5.7 9.5 11.8 17 19 20.1 NaN 21.1 21.2 22.2 22.9 22.4 22.7 23.2 23.5 23.9
5.3 8.2 10.48 12.5 16.1 15.9 15.9 16.4 17.2 18.3 18.4 18.3 19.1 19.4 19.2 20.9
5.4 9.1 10.8 11.5 13.8 NaN 15.4 15.2 15.5 16.2 15.7 16.2 16.6 16.7 16.9 17.3
5.1 NaN 9.7 10.6 12 12.9 12.9 13.3 15.4 14.9 16.5 15.2 14.8 15.9 15.4 15.9
5.4 NaN 11 14.3 17.4 17.5 19.5 20.3 21.3 22.6 22.4 22.9 23.1 23.8 25.3 25.5
6.4 10.2 12.4 15.9 17.9 17.7 17.5 17.7 18.5 17.4 18 19.3 19.5 19.8 20.1 20.1
5.5 8.5 11.5 14.6 17.2 16.4 17.3 17.5 17.3 17.5 18.7 19.4 19.7 19 19.5 19.2
5.4 8.3 9.4 11.7 16.1 14.6 15.9 17 17.7 17.6 17.6 18.7 19.3 19.7 20.1 21.2
4.8 6.4 8.9 11.1 14.3 14.6 15 16.1 16.5 16.5 17.6 17.7 18.8 18.2 19.4 19.5
5.3 7.7 9.9 12.8 14.6 15.9 16.4 17.1 17.8 18.6 18.6 18.3 19.4 19.1 20 20.9
6.1 9 10.6 13.5 14.7 16.5 NaN 17.4 17.1 18.5 19.4 19.7 20.5 20.8 22 22
4.5 7 9.6 11.1 12.6 12.8 13.1 13.6 14.7 15 15.9 16.6 19 20.8 20.1 21.9
5.7 9.4 13.1 15 17.6 17 17.3 17.2 18 18.6 18.9 19.5 20.7 21 22.1 22.4
5.4 8.9 10.9 14 15.8 NaN 16.4 17.2 18.3 20.3 20.4 20.8 21.1 21.6 23 23.3
5.8 NaN 11.1 12.2 11.5 15.2 15.3 16.7 17.1 17.9 17.8 19.5 19.8 20 20.1 21.2
5.4 NaN 10.2 12.7 14.7 15.3 17.1 17.1 18.6 19.7 20.3 21.1 21.9 23.2 24.1 24.3
6.2 10.5 12.5 14.1 16.7 15.9 16.4 16.8 17.5 16.8 16.6 17.5 18.6 19.1 20.5 21.5
5 8.1 11.1 16.5 17.1 15.4 17.2 17.7 17.4 18.6 18.9 19.4 20 20.4 21 22.2
5.4 8.3 9.8 13.2 17.7 16.4 17.7 18.1 18.2 18.8 19.1 19.3 20.2 19.8 19.8 20.1
5.5 9.1 11.3 14.2 18.1 19.3 20.6 19.9 21.8 22.4 22.7 23.6 24.3 NaN 25.7 25.5
4.6 7.2 12.6 12.9 15.4 15.9 16.8 16.7 17.1 16.6 18.6 18.9 18.6 20.2 20.2 21.5
6.2 9.6 11.7 16.5 19.1 19 NaN 19.8 19.7 18.8 22.4 22 23 23.9 24.1 24.5
4.6 7.3 8.9 10 11.2 11.3 11.1 11.3 11.7 12.2 12.7 12.4 12.9 13.1 13.4 13.9
5.3 8.9 11.8 15.6 17.3 17.6 19.8 21 22.1 23.8 24.7 24.9 25.1 26.2 26.1 27.1
5.8 9.4 12 15 19.8 NaN 22.5 23.4 24.6 25.8 25.1 26.4 26.4 27 29.1 29.3
5.6 NaN 9.9 13.9 17 17.3 17.9 18.5 19.2 19.7 18.5 20 19.6 20.2 20.2 20.5
6 NaN 12 14.8 16.3 16.7 17.3 17.2 17.7 18.4 18.7 18.4 19.3 19.2 19.9 19.9
4.3 8.1 9.6 13.2 16.8 16.5 17.1 17.7 17.7 18.5 19.5 20.3 20.8 21.4 22.1 21.7
5.5 8.3 10.3 13.5 18.3 18.5 19.3 19.5 19.4 20.7 21.2 22 22 22.6 23.4 23.5
6.2 9.1 10.8 14.7 19.2 18.1 19.3 20 20.5 21.2 21.7 22.5 23 23.6 24.1 24.1
5.5 9 10.3 10.6 13.1 12.9 14.5 14 15.3 15.2 15.9 16.3 17.2 NaN 17.1 16.8
5.6 8.2 10.5 12 18.1 19.5 20 20.5 21.3 21.8 22.5 22.6 23.4 23.6 23.3 24.2
6.4 10.1 12.4 15.4 18.4 18.3 NaN 17.8 18 18.7 19.2 19.8 20.4 20.7 21.2 21.2
4.7 7.7 9.6 11.6 14.1 13.5 14.6 15 15.2 15.8 16.5 16.1 16.6 17.3 17 17.3
5.2 8.4 11.5 13.4 14.3 NaN 13.9 14.2 14.9 16.3 16.1 16.7 17.8 18.5 18.7 18.8
6 NaN 9.7 10.7 12.3 14.3 16.6 15.9 15.9 16.5 16 16.8 17 17.3 17.2 17.3
6.3 NaN 11.2 11.8 13.9 14.5 15.6 15.4 15.7 16.8 16.6 17.5 18.6 19.1 18.9 18.7
6.2 10.2 10.9 13.9 17.3 17.9 18.2 19.9 21.3 22.1 22.6 22.9 23.7 23.7 24.4 26
6.3 10.2 10.9 12.2 13.1 13.8 15.1 15.2 15 15.3 15.9 15.3 15.8 16.2 16 16.1
5.2 8 9.7 12.5 14.3 15.4 15.7 16.6 16.4 19 18.5 20 21.1 21.8 20.6 23.6
6.2 9.4 12 15.4 14.8 14.6 14.7 16.3 17 17.5 17.8 17.4 18.3 18.9 18.1 20.4
5.1 7.8 9.5 9.9 10.3 11.9 12.1 13.3 15.4 15.6 14.2 14.6 15.2 14.9 15.5 15.4
4.1 5.4 8.3 14.4 18.5 18.3 19.8 19.6 20.2 21 21.2 21.9 22 23 23.6 23.2
NaN 11 13.3 17.3 19.9 21.6 22.6 23.1 23.3 24.1 23.7 24.7 25.3 26.3 26.8 26.9
5.6 8.8 10.6 14.5 18.8 19.6 21.2 21.6 22.2 22.1 22.9 23.8 24 24.9 25.2 25.7
4.8 7.5 8.1 8.3 9.9 10.6 9.2 11.5 12.4 13.5 12.9 12.9 13.4 12.8 13 13.7
5.1 NaN 11.8 13.9 14.4 16.9 17 17.4 17.9 18 18.2 18.9 19.5 20.5 20.6 20
5.9 NaN 10.1 12 13.9 14.4 15.8 14.9 15.4 17.6 17.7 17.4 17.4 18.4 18.7 19.6
6.6 10.1 10.5 12.8 14.3 13.9 15 15.5 17.1 17.6 NaN 18.1 18.5 19.7 21.8 21
6.8 10.7 12.8 14.4 15.8 18 19 19.3 20.1 19.9 19.6 19.7 20.1 21.2 20.8 20.8
4.9 7.7 9.9 11.8 13.2 13.8 13.9 14.1 14.8 15.6 16.8 17.6 19.7 19.5 20.2 20.6
6.3 9.9 11.6 14 15 14.6 14.7 16.1 17.3 18.5 18.4 18.6 18.9 19.7 19.2 19.4
5.8 9 11.6 14.1 15.4 15.6 16.2 16.7 17.8 19 19.3 19.3 20.7 21.4 21.6 21.6
3.8 5 7.7 10.3 14.2 16.3 16.2 17.1 16.8 18.1 17.8 18.6 18.8 18.9 19.3 19.4
4.6 7.8 9.3 10.4 11.7 12.3 13.5 13.3 14 13.9 14.3 14.2 14.6 15.1 15.2 15.8
6 9 11.6 13.7 13.8 17.2 19.4 19.9 20.4 20.7 20.8 21.5 22 21.7 22.2 22.6
5.2 7.8 9.8 10.8 12.3 14.1 16.6 18.9 18.8 20.9 20.4 21.1 22.1 21.5 22.1 23.4
6.8 10.3 12.6 16 19 19.9 20.7 22.2 20.9 23.1 24 24.2 24.9 25.8 26.6 26.8
6.8 11.4 11.4 13.7 16.3 16.3 17.4 16.8 17.8 17.8 17.8 17.9 18.3 18.9 20.3 20
7.3 11.1 13.3 17.9 16.8 18.5 19.9 21.1 21 20.8 20.7 21.2 21.7 22.6 21.9 21.4
5.4 8.3 10.9 13.7 17.3 19.2 19.9 21.1 22.1 22.1 22.7 22 23.8 24.3 24.3 24.6
5.5 9 10.7 12.1 11.6 12.4 13 14.4 14.5 16.1 16.2 15.7 16.7 17.5 19.3 18.4
5.3 7.5 9.7 15.2 17.4 17.9 18.6 19.2 20.8 21.9 21.1 22.7 21.1 21.4 22.9 22.5
4.6 7.5 9.4 11.6 13.3 14.2 16.1 16.1 16.9 18.3 17.6 18.3 18.4 18.9 18.6 19.7
5.8 9.1 11 11.9 15.5 15.2 16.3 16.5 17.2 17.1 16.9 16.6 17.2 17.2 17.5 18
5.7 9.2 11.4 13.2 15.4 17.7 20.3 21.6 22.5 23.7 22.4 23.4 23.9 24.7 25.1 26.6
4.8 7.8 9.7 12.6 17.2 19.2 21.3 21.8 21.8 21.7 22.4 22.8 23 23.6 24.4 25.2
5.8 8.9 10.1 11.3 12.3 14.3 15.1 15.8 15.3 15.5 15.8 16 15.5 16.4 17.2 18
6.6 10.5 11.4 13.7 16.8 16.8 19 20.4 21 21.1 NaN NaN 21.2 21.3 NaN 21.9
6.3 10 11.5 13.2 14.6 15.1 17.2 17.5 17.6 18.1 18.6 17.6 19.1 19.1 19.4 19.6
5.1 8.1 10.2 13 15.8 16.7 16.8 17.5 18.1 18.7 19.3 18.8 19.6 19.8 20.2 21.2
6.3 9.5 12.1 13.2 13.2 13.9 14 14.3 14.7 15.5 16.5 16 17.1 17.1 17 17.8
5.2 8 10.1 12.2 12.9 13.8 14.8 15.8 16.8 16.5 15.9 16.5 16.7 16.9 16.9 16.3
5.9 12.1 NaN 20.1 22.3 21.7 22.2 21.7 22.6 23.8 22.5 22.6 22.9 23.9 23.4 24.5
5.1 8.2 10.6 10.5 11.3 11.8 13.1 13 12.9 13.5 15.2 15.3 15.3 16.2 15.9 16.6
6.3 9.4 11.2 13 15.4 17.1 18.5 18.3 18.5 17.7 18.3 17.8 19.2 18.2 19 19.5
5.1 8.9 11.4 15.5 20 20.1 21.3 22.5 23.5 25.1 24.4 25.4 26.5 27.9 28.5 29.3
5.5 NaN 11.8 17.9 16.6 17.3 17.1 18.8 18.3 19.4 20.5 21.2 21.9 22.5 21.9 22.2
6.3 9.4 11.7 14.4 18.8 19.2 19.7 20.8 21.2 22.3 23.1 22.8 23.8 24.1 24.4 25.2
5.6 11.3 12.5 NaN 17.9 17.9 17.5 21.9 22.4 24.5 25.4 26.8 27.8 29.2 29.1 29.5
6.4 10 11.5 12.3 12.1 12 13.4 14.2 14 15 15.3 14.5 15.2 15.5 15.8 14.9
5.1 8 10.8 13.6 15.8 16.9 17.8 18.6 18.4 20.6 20.3 20.3 22.1 23 23.4 24
5 7.9 9.7 11 14.7 15.3 15.5 16.3 16.3 17.4 17.7 17.9 18.5 18.3 18.8 19.1
4.9 6.8 9 14.7 17 19.8 20 20.9 19 20.7 20.2 21.3 21.8 21.7 21.8 21.9
6.6 12 NaN 19.1 22.4 22.7 24.2 24 25.3 26.8 25.1 25.6 27.5 29.1 29.5 30.3
4.9 7.7 10.2 10.7 11.1 12.7 13.4 13.2 14 14.8 15.2 14.8 15.3 16.5 15.9 16
6 8.9 11.4 15.5 18.9 20.9 23.1 23.8 24.8 25.7 26.4 27.8 28.1 29.2 30.4 30.9
4.9 7.5 9.6 10.4 12.4 13.3 NaN 14.5 14.8 15.4 15.8 15 15.6 15.8 16.7 18.5
5.4 NaN 11.9 18.2 19 20.3 20.4 22.6 23.9 26.3 28.3 27.9 27.6 28.2 29.4 29.9
6.8 10.4 12.6 15.1 16.2 18.2 17.1 18.5 18.7 19.4 20.1 20.9 20.6 21.1 20.9 22.9
6.6 11.3 12.9 18.4 20.5 18.7 21 21.8 21.9 22.1 23.1 22 23.1 22.8 24.1 25.5
6.1 11.8 12.5 NaN 17.8 18.2 17.6 21.2 21.4 22.8 22.9 23.6 24.2 24.5 24.8 24.4
5.2 8.2 10.4 13.8 17.3 19.8 21.1 21.9 22.4 22.8 22.2 21.6 23 23.3 24.3 25.2
6.8 10.9 12.3 14.6 16.7 17.6 17.8 17.2 18.1 18.6 19.2 19.2 19.9 19.6 20.8 20.1
5.6 8.1 10.3 13.1 16.5 17.6 17.5 18.2 18.5 19.8 20.4 20.6 20.9 21.1 21.4 21.4
3.9 4.6 6.7 11.1 12.5 13.2 14.2 14.9 15.1 16.7 16.8 17.9 17.4 19.2 18.7 18.6
NaN 10.5 13.2 12.3 13.4 14.5 15.1 15.6 15.3 15.8 15.5 15.6 15.6 16.6 15.6 15.9
5.6 8.8 11 13 16 17.4 18.3 17.4 18.3 19.4 18.7 19 19.6 20.2 19.9 20.7
6.9 10.5 13 16 18.4 20.6 22.1 22.4 22.9 23.1 23.5 24.2 24.9 25.4 25.5 25.6
5.1 7.9 10.1 13.4 17.1 18.6 21.1 21 21.7 22.1 22.2 22.8 23.6 23.4 23.6 25.2
5.9 NaN 11.2 15.6 15.8 16.3 16.3 16.9 17.9 18.2 18 18.5 20.1 19.2 20.1 19.6
6.8 10.3 12 17.1 20.4 20.3 21.1 21.8 22.3 23.5 24.4 24.2 24.9 25.9 27.5 27.5
6.9 11.1 13.8 20.9 23 22 23.7 25.7 26.9 27.5 28.2 28.4 29.6 29.1 30.2 32.1
6.4 12.7 14.9 NaN 15 15.6 17.1 19.2 18.3 20.8 21.1 21.3 22 22.7 22.5 22.6
5.7 8.7 10.7 13.4 15.5 15.9 15.9 17 17.2 17.6 18.4 17.5 17.9 18 18.2 18.2
6.7 10 11.7 12.8 15.4 16.1 15.8 16.6 17.3 17.4 17.6 17 17.9 18.1 18.8 17.7
5.3 8.5 10.9 14.1 16.6 18.1 17.8 19.1 19.6 20.9 21.1 21.4 21.8 22.1 22.2 22
4.2 6.9 8.6 11.6 12.9 14.4 14.2 14.1 14.4 15.5 15.3 16.4 16.8 17.3 17.5 17
NaN 10.8 12.3 15.4 18.6 19 19.8 21.7 23.1 25.7 26.3 27.7 29.4 29.3 31 29.8
5.4 8.2 10.4 11.6 13.3 14.4 14.8 15.1 NaN 15.9 16.6 16 15.4 15.9 15.5 16.3
NaN 9.1 11.8 15.1 18.3 18 18.5 19.1 19.2 21.3 21 24 23.3 25.1 25.2 25.2
5.3 8.5 11.4 15.8 17.8 18.5 19 19.8 20.6 22.6 21.6 22 22 23.1 23.8 24.6
5.1 NaN 12.8 13.7 19.5 20.7 20.4 22 22.9 23.6 23.5 25 25.6 26.9 27 26.6
6 9.4 11.4 13.8 15.1 16.2 15.8 16.4 16.1 17.3 16.9 17.6 17.8 17.7 18.1 19.2
7.8 11.8 12.9 15.2 17.7 17.2 17.4 17.8 19.6 19.4 NaN 21.9 23.1 23.2 24.1 22.5
5.2 10.7 11.6 NaN 12.9 13.7 15.3 16.1 16.3 17.5 17.3 17.7 19 19 19.2 18.8
5.1 7.7 10.6 13 14.3 15.1 15.9 17.1 17.3 18.1 17.9 17.2 18.5 19.4 19.1 19.3
6.5 9.7 12.4 14.8 17.9 18.2 16.1 19 21.2 22.1 21.6 22.3 22.9 23.8 23.6 23
5.7 8.5 11.6 14.4 15.9 16.8 16.6 18.7 18.4 18.2 18.2 17.8 19.2 18.1 19.3 19.4
4.5 5.9 8.1 9.7 11.8 13.2 14.1 14.8 15.4 16.6 16.5 17.4 18.2 18.7 20 20.8
5.7 8.7 11.1 12.3 13.7 15.3 16.8 15.7 16.3 16.8 17.1 17.3 17.6 18.1 18.2 18.3
5.3 8.7 11.6 15.1 18.7 19.4 20.4 20.8 21.2 22.4 21.8 22.4 24 24.3 24.7 25.9
4.8 8 10.7 12.6 14.5 15.3 16.9 17.8 18.5 19.3 19.7 19.6 21 21.9 22.4 22.7
5.8 NaN 11.5 11.1 11.9 13.9 14.1 15.5 15.2 16.2 15.6 15.9 16.4 16.5 16.6 16.2
6.2 9.5 11.8 15.7 18.9 19.6 20 20.6 20.5 21.2 21.9 21.8 22.1 22.2 23.2 23.8
6.1 8.8 11.6 12 15.3 17.4 17.9 18.3 18.4 18.1 NaN 20.4 18.6 19.4 20.7 20.9
5.6 NaN 10.9 13.6 16.9 17.3 17.8 18.9 19 19.7 18.9 19.3 19.7 19.8 20.1 20.3
5.3 8.2 10.4 12.2 14.8 14.8 15.1 18.2 18.7 19.5 20.5 19.7 19.5 19.3 20 21.1
5.1 8 10 10.6 15.9 16.2 15.1 15.8 16 17.1 17.3 17.2 17.7 18.8 19.6 19.2
3.8 6.7 8.3 12.4 15.4 15.4 15.8 16.8 17 18.4 17.8 19 19.2 19.9 21.8 20.7
4.2 6.6 9.4 14.7 18.5 18.7 17 18.8 19.1 19.9 20 20.7 20.9 21.8 19.7 22.2
5 7 10 11.8 14.4 14.9 15.5 14.1 14.9 14.5 15.3 15.5 15.6 16 16.1 17.5
5.4 9.5 12.7 17.8 20.7 20.4 21.2 21.6 22.7 23.5 25 24.3 24.2 26.5 26.3 26.9
7.2 NaN 12.3 14.5 15.6 15 16 16.8 17.5 17.9 18.2 19 18.7 19.1 18.7 19.8
6.4 9.8 10.6 12.6 15 16.8 16.3 16.6 16.8 17.5 17.3 18.9 19.8 20.1 20.9 22.1
6.7 9.8 14 17.5 19.2 19.3 18.5 18.5 18.4 18.4 NaN 19.9 19.7 19.8 20.6 21.3
5.2 NaN 10 11.8 14.4 14.7 14.4 14.7 14.5 15.3 15.6 16.5 15.7 16.4 17.6 16.8
4.3 6.9 9.3 11.2 14.1 14.1 14.5 14.9 14.6 15.1 15.1 15.6 15.2 16 16.6 17.2
4.7 7.4 9 11.5 15.8 15.4 15.7 16.1 16 17.6 17.6 17.1 17.6 18.2 17.6 18.2
5 8.3 10.1 12.1 14.4 14.4 15.4 15.3 16.3 17 17.2 17.2 17.5 18.2 21.6 20.5
3.1 4.9 7.1 10.7 14.2 12.8 13.6 13.1 13.6 15.5 13.9 14.4 14.6 15.2 16.5 17.8
5.1 8.1 10.6 14.4 16.6 18.3 19.3 19.9 20.1 19.7 19.3 19.4 19.4 20.7 21.7 22.4
5.9 9.6 12 15.1 15.3 15.8 17.3 18.3 18.4 17.9 17.6 18.2 18 20.2 19.3 19.8
4.9 6.9 9.9 13 15.8 16.3 15.7 15.9 16.8 16.3 17.5 17.3 16.8 17.8 18.2 18.1
7.1 11.5 13.8 17.3 20.7 20.6 21.6 21.8 22.8 23.8 24 24.9 26.4 26.2 27.8 28
6 8.3 11.4 14.9 14.8 16.6 15.4 16.7 16.5 15.8 NaN 18.8 18.3 18.7 18.5 19.1
5.8 NaN 11 14.6 17.8 18.2 18.2 19.6 19.4 20.3 19.8 20.5 20.6 21.1 21.1 21
4.8 7.7 10.5 14.3 NaN 16.6 15.7 15.9 15.7 16.9 16.9 18.3 18.7 19.4 20.1 20.1
5 7.5 9.8 13 18.3 17.5 17.6 18.8 18.7 19.6 19.7 20.7 21.2 21.4 22.2 22.8
4.7 7.7 9.7 13.2 15.8 16.3 17.8 18.3 18.6 19.4 19.9 20.4 20.6 20.7 23.2 21.9
4.6 7 9.3 12.4 16 16.5 17.1 16.7 17.3 17.4 16.5 16.4 16.6 17.1 17.1 17.7
5.3 8.3 10 12.6 16.2 16.4 16.6 16.6 16.5 17 16.2 16.8 15.9 17 17.5 18
5.3 9 10.6 12.8 15.9 16.9 16.9 17.2 18 17.2 18.8 17.8 18.2 20.3 18.7 19.2
5.1 7.5 10 11.8 13 13.7 13.8 13.2 14.7 14.6 15 14.8 15.3 15.6 15.5 15.9
7.1 NaN 13.1 17 20.5 20.4 21.3 22.6 23.1 23.7 23.5 25.8 27.3 28.1 29 30.6
3.8 8.2 9.3 11 13.4 13.3 13.3 13 14.6 15.4 14.6 15.2 16.6 16.4 18.1 17.3
4.6 7.3 9.7 12.1 13.8 15.8 NaN 16.8 17.1 18.3 18.3 NaN 19.3 19.8 19 20.3
6.5 9.2 12.7 18.3 21.5 22.1 22.8 23.5 24.6 25.3 24.9 25.6 26.6 26.4 27.1 27.5
5.2 NaN 9.5 11.5 13.1 13.4 13.8 14.6 13.4 13.6 14.9 14.9 13.7 14.3 15.3 15.3
4.8 7.6 10 11.6 15.9 15 15.2 16.4 16.4 17 17.1 17.3 17.1 17.4 17.6 18.2
4.5 7.1 9.8 12.6 15.8 15 15 15.9 15.8 16.7 16.6 16.3 17 17 18 17.8
4.9 7.9 9.6 13.5 17.8 18 18.4 19.9 20.4 21.4 21 22.4 23.5 24.4 26.4 25.9
5.1 8.6 11.7 17 19.7 18.1 19.1 18.8 18.7 17.2 18.7 18.6 18.2 20 20.5 20.7
4.9 7.5 10.5 14.1 15.8 16.2 15.5 15.1 16.3 16.5 16.1 16 16.4 16.7 16.7 17
7.2 NaN 12.8 16.5 19.8 19.5 20.1 20.8 21 22.3 22 23.5 23.5 24.8 24.9 25.1
7.5 11.8 13.2 15.2 18.5 18.8 18.4 17.9 19.5 19.9 20.9 21.6 23.2 22.5 23.8 23.8
6 8.2 10.6 13.7 14.3 15 15.2 16.3 16 16.7 NaN 18.5 18.9 20.9 21.5 21.4
5.5 NaN 12 14.9 16.7 18.7 17.3 18 17.7 18.7 19.8 19.3 20.5 19.7 19.9 20.1
5.8 NaN 10.3 12.4 15.1 15.8 16 16.9 17.2 17.6 16.9 17.6 17.2 17.5 18.4 18.2
4.6 7.7 10.1 12.2 16.6 16.8 17.4 18.5 19.7 22 20.7 22 22.1 23.7 23 24.4
4.9 7.5 9.9 13 18.6 17.4 19 21.3 20.8 22.5 23.2 22.5 22.9 23.2 23.2 25.5
4.6 7.9 10.5 14.7 20 19.2 20.7 20.8 21.7 21.7 21.7 23 23.6 24.7 27.5 27.3
3.1 5.2 7.9 11.6 14.8 14.5 15.9 15.7 16.5 16.6 16.1 15.8 16 16.7 16.9 18.6
5.3 8.1 9.8 12.3 13.8 13.9 13.4 14.9 17.9 20 19.3 19.2 19.5 20.2 20.6 21.9
4.8 7.2 10.2 15.3 18.7 18.7 19 19.6 21.5 22.2 21.4 22 21.6 23 22.9 23.4
6.5 10.7 14 15.8 17.1 18.1 17.3 17.7 17.4 17.8 18.7 18.9 19.3 19.1 19.5 19.7
7.3 12.1 13.4 17.6 20.9 21.5 22.5 22.5 23.3 24.7 24.3 25 26.1 25.9 27.7 27.7
6.3 8.8 11.3 14.8 18.3 19.5 20.1 20.7 21.2 22.6 22.2 23.2 23.9 24.2 25.6 26.2
8 NaN 14.8 17.1 18 20.2 19.9 21.8 21.7 24.1 24.7 23.8 24.4 24.2 24.2 23.8
5.9 NaN 9.9 10.9 13.2 13.2 14 14.8 14.9 15.4 15.8 16.8 16.6 17.2 17.9 18.5
4.7 7.6 9.7 11.7 14.3 13.9 14.4 15.7 16.3 16.9 17.2 17.4 18.9 18.5 20.6 20.2
4.3 7.2 9.5 13.4 17.7 17.1 17.4 18.1 19 19 19 19.3 19.9 19.9 21.6 20.6
4.9 6.9 9.8 14.2 17.9 18.8 17.3 20.1 20 20.5 21.1 22.1 22.3 24.3 25 26
5.3 8.3 9.3 11.5 14 14.1 14.7 14.3 14.8 15.2 15.1 15.7 14.9 16.4 16.5 17.3
4.6 7.1 9.5 12.4 13.2 13.9 15.3 16.3 17.4 17.5 17.8 18.7 18.8 18.6 19.3 19.8
7.2 NaN 13.2 16.6 20 19.1 20.4 20.6 20.7 20.7 21 22.2 23.3 24.4 24.5 24.7
6.7 11.3 14.4 15.5 16 17.4 17.4 16.6 17.1 18.5 19.2 20.1 20.3 20.7 20.8 20.7
6.6 10.8 12.1 15.7 19.6 18.1 18.5 18.8 19.5 20.2 20.6 21 21.9 21.9 22.4 22.8
6.1 8.8 11.7 15.2 16.4 17.4 19.2 17.9 17.8 17 16.9 17.8 18.2 18.5 18.8 18.6
6.1 NaN 11.3 13.5 15.9 17.1 18.3 17.1 17.3 17.7 18.5 18 18.2 NaN 17.8 17.2
5.2 8 9.8 10.6 13.9 13.2 13.4 14.3 13.2 13.7 13.1 12.9 12.9 13.5 13.7 13.8
4.7 7.4 10.1 14 17.5 16.5 17.8 18.7 19.1 20.4 20.5 21.5 22 22.3 23 24.2
5.2 8.1 10.4 13.8 18.9 18.6 20.5 22.3 21.8 22.4 20.9 21.5 22.1 23.1 23.7 23.7
4.8 7.6 9.8 11.8 12.6 12.8 14.5 14.9 15.8 15.7 15.8 15.8 16.1 16.2 18.6 18.1
5 8.5 10.1 16.1 19.4 19.9 17.1 20.4 20.8 20.9 21.2 21.8 23.3 24.9 24.7 25.9
5 7.2 10.9 13.4 16.8 17.5 18.9 19.3 21 21.4 21.7 23.1 23 23.5 24.4 25.6
7.4 NaN 11.3 12.9 14.5 13.8 14.7 15.8 16.8 16.3 16.6 17.2 17.7 19.1 18.8 18.3
5.3 9.2 12.5 15.8 17 18.4 18.2 19.6 20 20.7 21.2 21.7 22.4 21.9 22 22.7
6 10 11.6 16 18.5 18.5 20.4 20.4 21.8 22.4 23.3 24.5 26.5 26.5 28.9 29.5
6.2 9 12.5 17.6 19.7 19.2 19.2 19 19.4 21.7 21.6 22.3 23.2 23.8 24.8 26.7
5.8 NaN 11.3 13.3 17.1 17.4 17.8 18.9 18.1 18.8 19.1 19.4 18.8 18.9 20.6 18.5
4.5 7.4 10.5 14.3 18.3 17.7 18.7 19.6 19 19.4 19.1 18.3 18.8 19.4 19.5 20.2
5 7.6 9.7 12.7 17.7 16.6 17.3 19.1 20.5 23 22.1 23.5 24.3 24.9 23.6 24.2
4.7 7.3 10.4 13.4 17.8 16.7 18.3 20.6 19.7 20.4 20.6 19.7 20.4 23.3 23.1 22.9
5.6 6.1 11.3 11.7 13.4 14.2 14.4 13.6 13.9 14.9 14.3 14.2 13.7 14.6 14.7 14.3
3.7 6.1 8.9 12.6 13.8 14.9 12.4 16.4 16.9 16.6 16.2 17.2 17.1 18.9 21.6 20.7
5.1 7.4 9.1 10.9 12.9 12.7 14.6 14.2 13.8 14 14 14.4 14.1 14.1 14.4 15.6
5.4 7.9 11.3 14.8 18.3 19.1 19.3 19.6 20.9 20.2 19.4 20.3 19.6 19.6 20.3 20.6
6.9 NaN 13.5 15.8 19.4 19.1 20.8 21.8 22 22.4 22.4 23.3 24 25.4 25.7 26
5.6 10 12.1 14.1 15 16.9 16.5 17.3 18.2 18.6 19.6 20.6 21.5 21.3 22.9 23.3
4.4 8.7 11 13.6 17.4 16.8 16.7 16.5 17.6 16.4 17 17.4 18.4 18.4 18.4 19.2
5 7.6 11.1 16 17.9 19.6 20 21.3 21.6 22.2 22.5 24 25.1 25.4 24.9 25.8
6.7 10 12.5 13.5 13.2 16.1 16.6 18.8 18 17.8 18.1 19.1 19.1 19.2 18.9 19.1
5.7 10.1 12.9 16.9 22.8 22.5 23.1 24.9 26 27.3 27 27.9 26.8 25.1 25.4 26.9
6.6 11.4 12.8 15.5 18.6 19 18.1 18.2 18.8 19.1 19.9 21.1 21.5 22.2 24.3 24.9
4.7 9.2 11 12.9 13.3 14.4 14.8 15.6 17.3 16.3 15.7 16.2 17.2 17.5 16.8 17.8
6.5 9.1 11.9 13.3 15.1 16 16.9 17.8 18.4 19.6 19.2 19.3 19.6 20.6 19.8 20.9
4.9 9.2 12.3 14.7 19.5 20.6 21.5 22.3 22.9 23.9 24.4 24.9 26.3 27.5 27.3 27.4
5.1 8.9 11.3 13.5 15.9 15.9 16.9 17.3 17.8 18.2 17.4 17.8 17.9 18 18.3 18.9
6.5 10.7 11.4 14.3 15 15.6 16.2 16 16.8 17.3 17.1 18.2 19.1 19.2 20.3 18.8
5.8 8.6 10.7 14.1 15.9 15.1 15.2 15.3 15.7 16.6 16.2 16.1 17.1 18.1 17.6 18.1
5.4 9.1 11.4 13.4 14.7 16.7 16.5 17.2 17.3 17.6 17.7 20.2 19.9 20.8 20.9 20.8
4.9 8.9 10.9 13.4 18.4 17.4 17.1 17.4 17.7 18 18.4 18.7 19.4 19.6 20.3 20.7
6.1 10.5 11.8 12.8 14.5 15.9 15.1 14.6 15.1 16.6 16.7 17.1 17.1 17.6 18.5 19.2
5 8.8 11 11.8 14 15.4 16.5 16 17.6 16.5 16.3 16.5 17.3 18.3 18.2 19.9
5.4 8.5 11.9 15.5 16.4 16.2 16.1 15.8 16.2 16.9 16.6 16.4 16.5 17 17.1 17.9
5.2 8.4 12.1 18.6 22.2 24 23.5 23.9 25.2 26.3 26.4 27.3 28.2 30.5 30.1 30.8
NaN NaN 13.6 17 18.6 19.4 20.4 20.4 20.7 21.7 21 21 21.4 22.2 21.4 22.5
4.8 8.6 10.6 13.3 18.3 18.2 18.9 19.3 20.7 21.3 21.5 22.1 22.5 22.5 22.6 23.2
6.1 8.8 10.7 13.6 15.4 15.5 16.7 16.8 16.6 17.6 16.7 16.9 17.8 18.8 18.4 20.7
5.4 8.8 12.6 18 21.1 21.8 22.1 22.9 23.1 23.9 24.4 25.7 26.4 27.3 28.5 27.9
NaN NaN 14.9 18.8 20.8 22.1 22.8 22.9 23.9 24.8 25 24.8 25.5 27.1 27 28.6
5.4 9.3 10.6 12 15.9 15.2 16.6 16.9 17.4 17.5 18 17.7 22 22.1 23.1 23.7
6.6 11.1 12.5 14.5 15.7 16.9 16.7 17.3 20.4 22.6 24.8 23.6 24.2 25 24.8 25.9
3.8 6.3 8.2 10.9 14.2 15.3 16.2 16.8 17.5 17.8 18.9 20.2 20.6 20.8 21 21.6
5.6 9 11.7 14.3 16.4 19 18.7 19.4 19.4 20 20.5 20.8 21.3 22.1 21.7 21.6
NaN NaN 13.8 14.4 16.9 16.7 17.2 17.2 17.4 18.9 17.7 17.8 18.3 19.8 20 19.3
5.5 9.3 12 15.6 19.7 18.6 19.4 20.2 21.4 21.7 21.9 23.1 22.8 23.9 24.1 24
5.4 9.7 12.2 14.7 18.1 20 20.6 21.2 23 23.4 23.2 23.1 24.3 24.4 24.9 25.6
5.5 8.8 12.2 15.7 18.8 19.2 21.2 21.6 21.9 22.2 21.1 20.8 20.9 22.1 21.8 23
6.1 9.1 12 14.8 16.9 18 17.6 18 17.7 17.9 18.1 18.6 19.1 18.5 18.6 19.7
NaN NaN 13.7 15.3 18.5 17.6 17.7 17.6 17 18.1 17.4 17.6 18.4 19.1 19.8 19.6
3.3 6.9 10 12.4 15.6 15.4 16 17.5 19.5 19.3 19.4 19.9 21 22 21.8 22.6
5.7 8.5 11.9 16.6 16.9 16.9 18.2 19.2 19.6 19.6 21 21.7 22.2 22.7 23.5 23.2
5.6 8.9 11.4 13.4 13.4 15.3 15.5 16.5 16.4 17.7 17.5 17.5 17.8 18.7 18.1 19.4
5.2 9.1 11.3 13.8 17 16.3 16.4 17 17.4 18.4 18.5 18.1 18.7 20 19.9 20.1
4.6 11 15.6 18.7 19.5 20.8 22.8 23.6 21.3 24.5 22.2 23.7 25 26.5 25.1 25.6
5.6 10 11.7 13.9 16.7 17.5 17.5 18.3 18.6 19.1 18.1 19.1 19.4 20.3 21.2 20.3
5.6 8.6 10.4 11 13.4 13.8 13.3 14.5 14.5 15.9 15.9 16.1 16 16.9 17.8 16.4
4.5 8.2 11 15 14.1 18.7 21 22.2 22.9 24.2 24.6 26.7 27.1 28.7 28.5 28.1
5.1 8.2 11.4 16.1 19.7 19.6 21.4 23.5 25.7 27.3 27.3 27.2 27 NaN 26.3 25.9
4.8 8.7 11.1 14 18.1 16.9 17.4 17.4 19.3 19.5 18.1 18.7 20.9 20 19.7 21.2
5.8 10 13.1 16.5 16.5 16.6 17.6 18.4 18.1 19.4 19.8 20.3 20.4 21.2 21.6 21.9
4.5 10.2 14.7 16.2 16.2 17 18.4 18.3 19.9 20.4 20.2 20.2 20.1 21.8 21.6 21.8
5.3 8.3 10.2 10.8 13.5 13.3 13.9 14.4 14.9 16.6 15.6 16.3 16.1 17 17.2 16.6
5 8.5 11.9 14.8 17 17.7 19.1 18.9 19.4 20.5 19.4 20.3 20.9 22.1 22.1 21
4.2 6.9 8.8 10.4 12.3 12.3 12 13 11.3 13.7 13.9 14.3 13.5 NaN 14.3 13.8
5.3 8.8 11.4 14 17.5 16.8 17.8 18.3 19.6 18.9 18.9 19 20.2 21 20.8 22.3
5.6 9.5 12.2 13.3 14.4 15.6 15.6 15.4 15.6 16.1 16.9 17.2 17.3 17.9 17.5 17.8
5.4 8.3 11.6 12.2 14.8 15.6 16 16.1 16.6 17.8 17.3 18 18.3 19.5 20.2 18.8
4.7 8.2 11.1 14.6 18.5 19.5 20.6 19.9 20.9 21.9 21.8 22.1 23 23.4 24.3 24
5 7.6 9.6 11.3 14.6 14.9 14.2 15.8 16.5 16.3 16.3 17.2 17.5 NaN 18.5 17.8
4 7.5 9.3 12.6 14.9 15.1 16.5 16.6 17.6 18.3 18.3 19 20.3 21.1 21.4 21.8
4.6 8 10.3 13 15.2 15.1 15.6 15.5 15.3 16.7 16.6 15.6 16.1 16.3 16.3 16.9
6.4 10.6 12.1 13.8 16.1 17.1 17 18.5 18.7 19.3 20.3 20.3 22.4 22.3 22.8 23.1
5.7 8.7 10.6 11.7 14.9 15.3 15.7 16.8 16.6 18.3 17.9 18.5 19 20.1 21.3 19.3
4.8 8 10.7 12.9 16.3 17.8 19.1 17.6 18.2 19.4 18.7 20.1 19.8 20.4 21.6 21.1
5.1 8.2 10.2 13.3 16.4 16.6 16.1 17.6 17.8 17.8 20.6 18.4 19.1 NaN 18.7 18.3
4.9 7.9 10.6 13.7 17 17.7 18.6 19.2 20.3 20.2 20 19.6 20.8 20.4 20.5 22.1
4.5 7.9 10 12.1 15.8 16.8 17.8 18.4 18.6 19.9 20.5 20.6 20.5 20.4 20.8 21.7
6.2 10.3 11.9 15.7 18.9 18.7 19.1 20 21.4 22 20.6 21.2 21.8 22.2 23.4 23.4
5.4 8.2 9.9 11.5 15.5 15.3 15.4 16.3 16.9 18 17.5 18.3 19.1 20.2 20.6 19.9
4.9 8.5 11.2 13 18.2 19.3 19.5 20.1 20.8 22.2 22.6 23.6 23.7 26.9 26.2 25.9
5.1 8.3 10.5 12.9 17.4 17.6 17 18.4 18.6 18.3 19.5 19.9 21.1 NaN 21.8 21.6
4.8 8.7 11.3 16.1 16.8 17.3 17.1 17.7 18.5 19 19.1 20 21.4 21.5 21.2 21.9
5 8.8 11.7 16.4 21 20.9 21 21.2 21.3 22.3 23.4 23.4 24.2 24.8 25.4 26.6
6.9 10.8 12.4 14.6 17.6 18 19.2 20.3 21 21.7 20.4 20.3 21.1 21.8 22.6 22.7
5 7.8 9.3 10.8 11.5 12 12.3 12.7 12.6 13.8 13.3 13.5 14.1 14.9 15 15.2
4.7 8.1 10.7 14 18 18.1 19.1 18.4 19.2 19.8 19.3 20.2 20.3 20.3 21.6 22.2
4.9 7.7 10.1 13.3 17.1 16.9 16.5 17.5 17.7 17.9 18.5 19 19.5 NaN 19.5 19.1
5.1 8.5 11.1 10.1 11 12.2 13.3 14.1 18.2 15.8 15.3 15.3 16.3 16.7 16.2 17.8
4.3 7.5 9.8 13 16.9 16.7 17 17.2 18.2 19.7 19.4 19 19.6 20.6 20.6 20.4
6.8 10.9 11.9 13.1 15.2 16.8 17.6 18.5 18.9 18.9 19.7 19.6 20.6 21.6 22.5 21.2
5.8 8.8 11.2 13.4 17 17.4 17.26 18 18.2 19.7 19.7 20.1 21 21 21.6 21.4
4.6 7.9 10.7 13.6 16 15.1 15.9 16.1 17.7 17.5 17.8 18.5 19 19.1 19.5 20.1
4.5 7.5 9.7 11.4 14.2 14.4 13.8 14.3 14.8 14.4 15 15.2 15.6 NaN 16.3 15.8
4.5 7.7 10.2 10.5 13.6 13 14 14 14.7 15.4 14.3 14.6 15.5 15.4 15.3 16.4
4.6 7.9 10.5 15.1 17.9 18.1 19 18.9 19.1 21.1 21.7 21.4 22.6 22.9 24.1 24.7
6.5 10.9 13 14.2 17 18 18.2 18.5 18.9 19.7 19.3 19.9 20.2 20.5 21 21.1
5.4 8.4 10.4 10.9 13 14.2 14 14.9 15 16.2 15.8 16.9 17 17.4 17.9 16.7
4.8 8 10.5 13.4 17.3 18.4 18.6 19.1 20.1 21.8 22.8 23.5 24.1 26.1 26.7 26
5.1 8.4 10.8 13.8 16.8 17.1 17.2 18.7 18.9 19.6 20.8 21.8 22.4 NaN 22.4 21.6
4.1 7.7 10.1 11.5 13.9 13.8 14.7 14.5 15.1 15.8 14.8 15 15.6 15.4 15.8 17.1
5.4 9.8 14 16.8 18.6 20.3 22.4 22.4 21.4 22.3 22.3 22.8 23 24.7 23.4 23.7
4.5 7.9 10.4 12.8 15.2 14.9 15.5 15.3 16.1 17.8 17.7 17.8 18.1 18.4 19.1 17.6
5.5 11.1 14.1 18.4 22.3 20.1 19.4 19.1 19.3 20.8 21.4 21.4 21.8 22.5 23.5 24.4
5.3 8.5 12.1 14.7 16.5 16.4 16.8 17.5 18.5 19.6 20.2 20.4 20.6 21.9 23.2 22
5.7 9.3 11.4 13.9 16.6 16.8 16.9 17.2 17.6 18.7 18 18.8 19.5 20.1 21.3 21.3
4.2 8.5 10.4 12.5 16.5 17.2 18.6 19.6 20 20.8 20.8 21.7 22.5 22.9 22.7 22.6
4.9 7.6 10.2 12.3 16.9 18.4 18.9 19.2 20.3 20.7 21 21.7 21.8 21.5 21.7 22.1
4.8 7.8 NaN 11 14.2 15 15.1 15.4 16.9 18.6 18.5 19.1 19 19.8 20.3 21
4.4 7.8 9.8 11.8 15.1 15.7 16.6 17 17.5 18.2 18.2 18.6 19.4 19.7 20.7 21.9
4.8 8 11 13.7 16.9 17.7 17.6 17.1 18.5 21 19.6 20.3 20.7 21.3 21.5 20.7
5.6 9.3 12.1 14 15 14.7 16.6 17.1 17.2 17.5 17.3 17.4 18.3 18.8 19 19.6
4.9 8.2 10.4 13.7 17.8 17.7 17.8 18.2 18.9 19.7 20.7 20.5 22.6 23.7 23.2 22.7
4.6 8.4 10.7 12.7 17.4 17.2 18.1 19.3 19.4 19.8 19.7 20 20.3 20.7 20.7 20.5
4.9 7.2 9.9 15.1 17.6 17.8 18.5 18.6 19.6 20.7 21.6 22.8 24 23.6 24.4 24.8
5.1 7.5 11 15.9 16.8 17.8 19.4 19.9 21.1 21.9 22.4 23.5 24.4 25.1 25.4 26.5
5.2 8.3 NaN 14.8 18.8 18.7 20 20.8 21.3 21.9 21.8 23 23.6 23.6 25 24.8
4.7 8.6 11.5 14.7 18 17.9 18.5 18.6 19.8 21.1 20.4 20.2 20.3 21.3 22.2 20.4
4.8 8 10.3 11.3 15 16.7 15.8 15.6 16.4 18.2 18.3 18 17.9 19.6 20.7 19.4
5.5 9.1 10.5 12.8 14.2 15.2 16.8 17.7 17.2 17.7 18.2 18.6 19.9 19.9 19.1 19.4
5.1 8.6 10.8 14.3 16.9 16.2 16.6 17.6 18.9 18.9 18.9 19.6 19.5 19.7 21.6 21.1
4 6.5 10 14.3 19.3 20.1 22.4 23.6 24.7 25.8 26.3 27.1 28.4 29.3 29.3 30.1
4.6 6.6 8.5 11.1 13.2 16.5 16.3 17.7 18.7 20.4 20.4 22 22.5 23 23.2 23.5
4.9 7.8 NaN 11.8 14.9 15.4 15.9 17 16.2 16.4 16.9 17.8 17.8 16.8 17.2 17.9
4.4 7.9 10.8 14.9 17 17.2 17.6 18.3 18.5 19.9 20.2 19.8 20.8 21.5 22.3 23.2
4.5 7.6 10.4 12.8 17.3 18 18.3 18.3 19.3 20 19.8 19.8 20.2 20.7 23.1 22.2
5.5 9 11.1 13.5 15.3 15.1 15.7 16.6 17.9 18.7 18 18.3 19.1 21 20.9 21.8
5.5 9 10.9 13.8 15.2 14.3 15.3 16.2 16.8 17.2 18.1 18.1 18.1 18.8 19.9 20.4
4.8 9.6 12.6 15.5 22.1 22.5 23.7 25.9 28 30 30.5 31.5 32.7 34.9 36.1 36.6
5.1 7.9 11.2 16.7 19.9 20.3 21.2 22.4 23.6 25.1 24.8 25.3 26.5 27.3 27.6 28.2
4.5 7.6 NaN 12 14.4 15.4 15.8 16.4 16.9 16.5 17.06 18 18.1 17.6 18 18.1
4.4 7.3 NaN 13.6 17.3 16.5 17.3 18.5 19.2 19.5 20.1 21.4 21.9 21.8 22.7 22.9
4.4 7.8 10.2 12.9 14.6 15.2 16.4 18.8 20.5 21.7 21.8 21.7 22.9 22.8 23.8 23.4
5.5 9.6 11.1 12.8 14.9 15 16.7 18.2 18.1 18.1 16.9 17.8 17.3 19.6 19.3 19.9
5.1 8.7 10.3 12.6 14.6 14.3 14.3 14.8 16.1 16 16.6 16.6 17.5 17.6 17.9 17.7
5.4 8.3 11.3 16.2 19.2 20.2 21.6 22.4 24.1 24.9 24.8 25.3 26.2 27.4 27.9 27.8
4.8 7.7 NaN 13.2 16.2 16.7 17.7 18.9 19.7 20.6 20.9 22.1 22.2 22.4 23.5 23.9
4.7 7.6 NaN 15.3 19.5 19.8 20.5 21.5 22.1 23.3 23.6 25.4 26.1 25.4 26.7 27.1
5.5 10.3 13 14.9 15.8 15.5 15.9 14.5 14.4 16.1 15.1 15.9 16 16.2 16.7 18
4.6 7.8 10.1 12.7 15.4 15.7 15.2 14.4 15.7 16.8 17.3 17.6 17.5 18 19.8 18.9
4.7 8.4 11.4 14.5 16.3 17.9 18.7 19.9 20.5 21.2 21.2 22 22.1 24.2 24.1 24.8
5 8.3 9.4 11.6 14.1 14.9 15.5 16.7 16.9 17.1 18 18.5 19.2 19.7 19.5 19.2
4.2 8.4 12.2 14.8 19 19.6 20.9 24.6 25.5 27.4 26.4 26.5 26.3 26 26.3 27.5
4.1 7.1 NaN 11.5 15.9 16.5 17.7 18.8 19.5 19.7 19.4 20.7 21.7 22.1 24 23.6
4 NaN 10.7 13.3 16.9 19.1 20 21.1 21.9 23 23.4 25.3 26.8 27.1 27.1 26.3
6.4 11.4 14 17.7 21.8 21.7 22.9 23 23.3 25.1 23.9 23.3 23.4 23.6 24.7 25.4
5 8.4 11.1 12.9 15.1 14.8 14.8 14.9 16.1 16.3 15 15.3 16.3 16.9 16.8 16.7
5.7 9.2 11.5 13.1 15.8 16.2 16.8 18.2 17.6 18.7 17.5 17.8 18.9 20 19.9 20
5 10.6 14 15.9 17.9 19.4 20.9 21.6 21.9 23.1 22.7 24.6 25.9 25.9 26.3 25.8
4.8 7.4 10.4 15.6 19.8 20.1 20.5 21 21.7 22.4 23.2 24.4 25.3 25.4 25.6 27
4.8 7.7 NaN 11.7 15.1 14.9 15.3 16.5 17.7 18.6 18.4 19.7 19.4 19.6 20.5 20.9
4.2 NaN 12.5 15.3 17.2 16.8 17.4 18 19.1 19.5 19.9 20.5 20.9 20.3 21.1 21.4
5.8 11.6 14.6 18.4 22.8 21.7 22.4 22.6 22.8 24.4 24.1 23.7 23.5 24.1 25.9 27.2
4.9 8.2 11.1 12.4 16.2 17.4 16.9 16.5 19.2 20 19.2 19 19 20.1 20 20.1
4.9 7.6 10 12.8 16.4 16.7 16.5 16.6 17.5 18.6 18.4 18.7 19.5 20.3 22.1 20.5
5.1 8.2 10.7 14 14.8 16.2 17 18.8 20.1 19.6 20 21.2 21.3 22.4 22.2 23.5
5.5 7.9 12.5 19.3 22.3 22.7 22.3 23.3 23.6 25.5 24.6 25.8 27.7 29.2 29 29.3
4.4 6.5 9.1 11.3 15.1 15.2 15.7 16.6 17.5 18.5 18.8 20.2 21 21.4 21.6 21.9
4.4 7.3 NaN 11.1 12.4 13.5 14.6 15.5 15.7 15.5 15.4 16.5 17 16.7 16.6 17.6
4.3 NaN 11.5 14.1 16.8 17.4 18.3 19.1 20.5 21.3 21 21.6 21.4 20.8 20.5 21.4
5.9 NaN 12 14.1 15.2 16.3 17.8 17.9 19.3 19.9 20.7 20 21.9 21.5 22.2 22.4
4.4 7.3 8.7 10.6 15 15.5 16.9 16.1 18.1 18.8 19.3 19.8 20.7 21.1 22.2 22.8
5.1 8.1 9.1 11 12.1 12.9 12.8 13.4 13.2 13.2 13.7 14.2 15.1 16 16.6 15.6
6.8 11 12.3 16.7 20.1 21.8 24.4 26.2 26.7 28.6 28.3 29.6 31 31.3 33.4 32.6
5.1 NaN 10.9 13.4 16.4 16.2 16.6 17.1 17.3 18.9 18.6 19 19 19.8 19.8 19.4
5.1 7.5 10.5 12.3 16 16.4 16.2 16.2 16.2 15.5 16.2 17.1 16.3 17.2 17 18.2
4.5 7.5 10.9 13 14.5 14.5 14.5 15.7 18 17.7 17.3 18.6 19.5 19.6 20.9 21
4.5 7.3 9.7 11.6 12.6 13.2 13.1 12.7 14 14.9 14.4 14.7 14.9 15.3 15.7 15.8
4.7 8.6 10.4 14.4 18.6 19.7 21.3 22.1 22.6 23.8 23.6 24.2 24.2 24.5 25.7 25.8
6.3 11.7 14.8 16.2 17.9 19 19.8 21.2 21.5 22.2 22.5 24 23.6 24.4 23.3 26.6
4 NaN 11.2 13.3 14.4 15 16 17.4 18.4 18.5 19 19.5 19.6 20.6 21.7 21.7
6 NaN 12.5 16.3 18.8 19.3 20.1 21 22.3 23.5 23.9 23.9 25.4 25.1 26.1 25.4
4.2 6.4 8.8 11.4 15.6 16 17.3 17.7 18.7 20.8 21.1 22 23.3 23.7 23.9 24
5.3 8.6 10 11.4 12.2 13.2 13.5 13.6 15.2 16.7 16.4 15.8 16.4 16.3 16.1 16.1
7.3 11.4 13 16.3 18.3 18 18.9 19.8 20.8 20.2 21 21.5 23.6 21.9 23.5 22.9
4.3 NaN 9 10.7 12 12.7 12.4 12.7 13.4 14.8 14.8 16 17 16.6 17.1 17.3
4.8 7.1 9.4 11.7 15.8 16.8 16.4 16.5 18.2 18.4 18.6 20.6 19.9 20.6 20.5 22.2
4.8 8 11.9 16.5 18.5 18.7 19.8 19.2 19.8 21.4 20.8 21.3 22 23 23.5 23.7
4.6 7.6 9.8 14.8 18.2 19.1 20.7 20.3 21.3 21.9 22.3 23.5 24.4 25.4 25.3 24.8
4.2 7.6 9.3 13.3 15 15.8 17.3 17.7 18.7 19.6 19.9 21.1 21.5 22.1 22.8 24.7
6 8.3 12.8 13 14.8 15.9 16.2 16.4 15.7 16.4 17 18.5 18.4 19.2 19.6 19.6
4 NaN 10.5 12 14.7 16.1 17.4 18.4 20 21.3 21 21.2 22.5 23 23.8 21.5
4.4 7.8 10.2 14.3 17.7 17.6 17.7 17.8 19.1 20.4 20.3 19.6 21.5 21.2 22.3 22.6
4.7 7.7 9.9 12 14.9 15.4 16 16.5 17.8 18.4 17.9 17.9 18.5 19.1 19.1 19.7
4.7 NaN 10.3 14.1 19.5 19.3 19.7 21.1 21.5 22.8 23.5 23.4 23.4 23.8 24 25.3
5.2 NaN 10.1 11.5 15.2 16 16.5 18.5 18.9 19.4 20.7 20.7 21.1 21.8 22 22.7
4.6 6.8 8.8 11.4 16.1 15.4 15.8 16.6 17.9 17.1 18 19.9 19.2 19.9 20.8 21.5
4.8 7.2 9.9 12.8 16.5 16.3 16.2 17.5 18.8 19.2 19.6 21.7 21.1 22.9 23.2 24.6
5.4 8.5 10.9 16.2 18.8 18.6 20.3 20.3 22 22.4 22.5 24.6 24.1 25 25.3 24.9
4.3 8.4 9.8 12.6 16.5 17.5 19.2 19.6 19.7 20.8 21.2 21.6 22.8 23.4 24.4 24.3
5.5 10.6 13.9 16.8 18.3 18.8 18.2 20 21.3 23.6 24.1 24.1 25.5 25.8 28.2 26.8
5.8 NaN 11.2 14.3 16.3 16.4 17.2 17.3 19.5 19.3 20 20 20.8 20.9 21.3 21.1
3.8 6.7 8.4 10.2 13.8 13.3 13.7 13 14.1 14.9 15.1 15.6 16.9 16.5 17 16
3.9 7.2 9.3 12.9 16.3 16.7 18.2 17.3 18.4 20.2 20.7 20.8 21.4 21.9 22.3 23.3
5.1 8.4 9.3 12.2 17.5 17.6 17.8 18.4 19.5 20.6 21.1 21.7 21.7 21.2 21.6 22
5.1 NaN 11.1 13.8 16.2 15.5 16.1 16.5 17.7 17.4 17.5 17.7 18.3 19.4 20.1 19.5
4.1 NaN 10.4 12.9 15.9 15.9 16.4 15.8 15.8 16.9 16.9 17.7 19.2 19.4 20.2 20.1
5.2 8 10.8 13.6 16 16.4 17.1 18.2 19.3 19.6 20.6 20.7 20.9 21.4 22.3 22.6
4.1 7 9.4 12.5 15 14.8 13.9 15.3 16.9 18 17.3 18.7 20 19.7 19.9 20.1
4.3 7.1 10.6 14.7 17 16.9 17.7 18.4 18.9 20.2 19.5 21.4 21.9 22.1 22.2 22.9
4.8 7.8 9.5 14 15.1 16 17.4 17.7 19.1 18.9 18.9 19.8 19.8 20.4 21.5 21.7
5.1 9.2 11.6 13.7 16.2 15.8 15.9 16.4 17.3 18.2 18.1 17.3 17.2 16.5 17.2 17.3
4.4 7.7 10.6 15.7 19.9 20.9 21.2 21 21.6 22.9 22.9 23.7 25.3 25 26.5 26
5.1 8.4 9.8 10.9 13.1 13.9 14 15.6 15.1 15.8 15.6 16.4 17.8 17.2 18.8 19.2
5.1 8.5 9.5 11.6 13.8 13.7 13.4 13.9 15.8 16 16.4 16.7 18.6 18.5 18.6 19
4.2 NaN 10 11.7 13.9 14.5 16 16.8 17 16.4 16.7 17.5 17.1 18.3 19 18.2
4 NaN 10 13.8 16.2 17.2 17.6 17.8 17.7 18.4 18.5 18.5 18.6 19.4 19.2 19.6
5 7 10 12.9 16.7 16.5 16.7 16.5 17.2 16 17.4 19 19 19.6 20.7 22.9
4.6 7.2 10.9 16 18 17.6 20 19.9 20.5 21.4 22 23.4 24.2 24.2 24.7 25.8
4.5 7.6 10.8 14 17.7 17.7 19.3 20.1 20.9 22.3 22.4 24.7 24.9 25.3 25.8 25.8
5.2 8.2 11 16.4 18.9 18.5 20.1 20.5 23 23.8 24.6 26.4 26.1 26.8 27.6 27.2
4.8 8.9 10.5 13.3 16.4 17.3 18.9 18.8 20.2 20.6 19.6 20.2 21.6 20.7 20.8 22.6
3.9 7.7 10 12.8 14.6 15.1 16.2 17.3 18.5 19.8 19.5 19.2 19.6 19.7 20.8 21.8
6.3 NaN 12.9 15.5 16.8 16.6 17.7 17.6 19.6 20.8 20.7 20.2 21.6 21.3 21.8 21.8
4.8 8.2 10.5 14.7 18.8 19.2 20.4 20.6 22.1 23.7 23.6 23.6 24.4 24.8 24.8 25.9
5 8.4 9.4 11.8 14.4 15.6 14.9 15.9 16.3 17.3 17.1 17.3 17.6 18.1 18.4 19
5.3 NaN 10.5 15.7 21.3 21 22.9 23.1 23.8 24.7 25.9 26.8 26.8 27.6 27.7 28.2
4.6 NaN 10.9 15.1 19.3 19.5 19.6 22 22.3 23.9 24 24 24.1 25.1 24.2 24.4
4.9 6.9 10.4 13.2 17.8 18.1 17.9 18.2 19.5 20.6 20.7 21.2 21.7 23 24.7 25
4.5 7.4 10.8 15.6 17.1 17 17.4 17.6 18.6 19.8 19.7 21 21.2 21.4 21.7 22.2
5.3 8.5 10.7 13.3 16.4 17.4 18.4 17.8 18.8 19.3 19.4 20.4 21.6 21.8 21.9 22.3
5.4 8.4 11.1 13.6 16.5 17.1 16.7 18.3 19.4 20.5 20.8 21.9 22.8 22.9 22.1 23.3
5 9 11.1 12.3 15.3 16.1 17 17.1 17.6 18.4 18.2 18.3 18.3 16.8 16.1 18.8
6.1 NaN 12.8 15.8 18 17.8 18.6 18.8 20.2 21.5 22.1 22.3 23.7 23 24 24.2
4.3 7.5 9.4 12.6 17.8 19 20.1 20 21 22.4 21.9 22 23.4 24 24.6 24.1
4.8 8.1 9 10.4 12 13.5 13.1 15 15.4 15.9 15.8 16.1 16.4 17 18 17.6
7.3 11.2 13.9 17.2 19.4 20.1 21.4 22.3 23.9 23.7 24.8 26.1 27.7 27.5 29.2 28.1
5.1 NaN 10.6 15.3 20.3 19.1 20.3 22 22.5 22.8 23.9 24.4 23.2 23.8 24 24.4
4.4 NaN 11.1 17.2 20 19.9 20.8 21.2 21.8 22.7 22.5 21.8 22.7 23.5 23.7 24.9
5.2 7.5 10.2 12.7 14.6 14.3 15.3 16.1 16.6 15.7 16.5 18.7 17.4 17.9 18.7 18.7
4.6 7.6 10.3 12.8 15.7 15.9 16.5 17.2 18.1 18.8 18.5 19.5 19.9 19.9 20.7 21.4
5.1 7.6 9.5 12.4 16.3 15.9 16.9 17.5 18.7 19.4 19.8 20.5 20.7 21.5 21.4 21.8
4.8 8.8 11.4 15 19.2 19 20.2 21 23 23.4 22.5 23.3 24.1 25 25 25.4
4.9 8.7 10.6 12.5 15.2 14.5 15.4 16 16.6 17.8 18.6 18.3 19.9 18.2 21 21.3
6.1 NaN 11.1 12.7 14.7 15.7 15.8 16.6 17.8 18.9 18.3 19.3 20.6 20.4 21.3 19.6
4.8 8.2 10.6 15.7 21 20.5 21.1 20.8 21.4 23 21.8 22.6 23.6 22.9 23.3 23.9
5.1 8.6 9.7 12.4 17.5 19 19.4 20.6 21.8 22.8 22 22.4 23 22.7 23 23.4
7.6 11.9 12.4 15.4 17.6 18.7 20.2 21.4 23 23.6 23.2 23.7 25.3 25.3 27.1 26.2
4.8 NaN 10.7 11.7 14.5 14.8 15.3 16.3 16 16.2 16.4 16 16.4 16.3 16.5 16.6
4.8 NaN 10.6 15.3 18.7 18.7 19.3 20.3 21 21.6 21.8 22.8 23.8 24.7 24.4 25.6
5.2 7.3 10.7 12.3 15.9 15.8 15.5 15.9 17.7 17.7 18.7 20 18.9 19.4 20.6 21.8
4.6 7.8 10.7 13.1 14.5 14.3 14.4 14.8 17 16.9 15.4 16.9 16.5 16.8 17 18.7
5.4 8.6 11.8 15.9 17.1 17.9 18 18.7 19.8 20.8 20.8 21.6 21.6 21.1 23 23.2
4.2 7.9 9.6 12.2 16.8 16.9 18.8 17.4 18.5 19.2 19.8 20.7 21.7 21.2 21.4 21.6
4.9 9.2 11.1 14.9 19.3 19.9 21 21.2 21.7 23.5 22.7 23.3 24.1 24.8 24.7 24.4
5.2 8.4 10.9 13.9 15.6 16.1 16.5 17.4 17.4 18.4 18.6 18.1 18.6 19.7 19.5 NaN
5.6 9.6 12 13.6 15.4 16.5 15.9 15.7 15.6 16.5 16.5 17.8 17.9 18.8 18.7 20.1
4.8 8.3 10.4 13.7 15.6 16.1 16.2 17 17 17 17.1 17.7 17.3 18.5 19 19.4
5.2 8.7 10.2 12.5 15.5 14.6 15 16.4 16.9 16.4 16.8 17.2 17.6 17.3 17.9 18.8
6 8.8 9.2 11.4 14.1 15 15.9 16.4 17.4 17.9 18 17.7 17.9 18.8 19 19.4
4.9 9 10.1 13.1 17.1 16.5 17 17.3 17.2 17.4 17.2 17.6 18.6 18.7 18.2 18.6
5.4 9 10.5 13.9 17.7 17.5 17.1 18.4 18.7 18.9 19.4 NaN 22 22.5 23 23.1
5.2 8.2 11.7 16.8 18.7 19.2 20.1 20.3 21.9 21.9 22.5 23.2 23.6 24.8 26 26.2
4 8.3 10.8 14.5 17.6 18.5 20.2 20.4 22.4 23.8 24.5 26.6 28.2 NaN NaN NaN
6.9 10.9 13.5 18.4 20.5 21 20.9 22.5 22.7 23.6 23.9 24.1 25 26.2 26.3 26.7
6.2 NaN 13 18.1 19.8 20.4 20.6 20.9 21.2 22.2 23.1 23.8 24.4 25.1 25.4 26.3
4.8 8.6 10.5 10 12.2 14.1 16.6 16.8 17.2 17.3 17.6 17.9 18.3 18.9 19.3 19
4.5 8.1 10 12.5 17.1 18.1 19 19.8 20.7 22.4 22.4 22.3 22.7 22.9 24 25
6.5 9.1 10.3 14 15.5 16.1 17.2 17.1 18 18.6 19 19.4 19.9 19.3 20.7 20.6
5.3 9.7 11.5 14.9 20.5 20.9 21.7 22.6 22.6 23.4 23.2 24 25.3 25 24.8 26.4
5.1 9.2 11.4 14.7 18.6 19.2 20.1 21.3 21.6 23.4 23.3 NaN 24.1 24.3 24.4 27.1
5.8 8.8 10.5 12.6 16.3 16.5 15.9 16.5 17.1 18.1 17.8 18 17.2 18.8 19.5 19.7
5.3 9.3 11.9 13.4 16.1 17.4 18 16.8 17.7 18.4 19.4 18.7 19.3 20.6 21.2 21.4
4.9 7.9 10.1 12.5 16.5 16.5 17.3 18.3 19.2 21 20.7 21.7 22 23.8 23 NaN
6.5 10.4 12.9 16.4 19.5 20.4 20.5 21.5 21.6 21.5 21.9 22.2 23 23.7 23.4 23.3
6.1 NaN 13.2 17.6 20.4 21.3 22.7 24 25.2 25.7 26.5 27.1 27.6 28.7 28.7 29.2
5.3 8.8 10.5 13.9 18.4 19.1 19.7 20.8 21.5 22.7 22.5 23.1 23.8 24.4 24.7 25.4
5.7 8 9.3 13 14.4 15.6 16.6 17.2 18.8 19.4 19.9 20.2 20.8 21.2 21.5 21.4
5.7 9.9 11.1 13.1 16.1 15.8 16.4 16.6 16.4 17.7 16.7 17.7 18.6 20 19.6 20.1
4.2 7.8 10 13.2 15 15.8 16.8 17.8 18.4 18.8 19.5 NaN 21.5 22 22.8 23.5
5.3 7.9 10.3 11.4 14.9 14.8 16.5 16.4 16.9 17.8 17.6 18.3 18.8 20.5 21.3 21.3
5.1 9.5 11.5 12.3 14.8 16.5 17.6 17.5 19.2 18.7 18.7 20.5 19.8 18.7 19.3 19.9
4.9 8.1 10.2 11.1 13 14.9 15.5 15.5 15.3 16.5 17.6 17.4 19.2 19.5 19.3 NaN
5.9 9.9 10.6 11.8 14.2 14.5 14.8 14.7 14.6 15.7 15.4 15.9 16.1 16 18.1 19.2
5.3 10.3 10.9 14.4 15.7 16.4 16 16.9 18.2 18.7 18.1 19 18.2 19.9 19.9 19.3
4.4 8.1 9 11.4 14.3 15.2 15.8 15.8 15.9 17.1 17.3 17.4 18 18.1 18.9 19.3
5 9.5 12.2 15.5 17.6 16.8 17.2 17.6 18 18.7 18.8 19.3 20.3 20.5 21.1 21.1
5.1 9.3 11.5 15.7 18.6 18.7 18.4 18.5 18.8 19.4 20.3 NaN 21.6 22.4 22.8 23.3
5.6 8.2 10.7 12.8 15.3 15.5 15.5 15.6 16 16.6 17 16.9 17.1 18.6 18.2 18.7
5.6 8.5 12 17.6 20 20.7 22.4 23.6 24.6 26.1 26.6 28.5 28.1 30.2 30.8 31.6
4.7 7.8 9.9 13 16.2 15.9 16 16.4 16.8 18.5 18.8 19 19.7 21 21.2 NaN
6 NaN 12.9 14.2 17.5 18.2 18.5 19.3 18.5 19.7 20.5 21.5 21.6 21.2 22.8 22.5
5.2 10.2 11.9 14.7 16.3 16.8 18 18.8 19 20 20.4 21.5 22.4 NaN 23.8 24.1
5.2 8.8 9.8 11.2 12.9 13.7 15.5 15.2 15.7 15.9 16.1 16.2 16.5 16.7 17.2 16.9
6 8.6 9.5 12.4 14.4 14.6 16.3 16.8 17.3 18.5 19.5 20.7 20.7 20.7 20.9 20.6
5.6 9.8 11.6 15.9 20.2 19.9 21.3 21.8 22.2 23.2 23.2 23.8 24.2 25.5 26.2 26.4
4.6 8.8 10.7 15.9 18.7 18.9 20 20.9 21.4 21.5 21.8 NaN 24.4 24.7 22.8 25.7
6.1 9.2 12.6 18.6 21.5 21.7 22.5 23.1 24.2 24.9 25.2 26.2 25.7 27.1 27.6 28
5.2 8.3 9.6 10.9 12.6 13.4 13.8 14.1 14.4 15.5 15.3 15.3 16.3 16.3 16.2 NaN
5.9 NaN 12.8 18.2 21.5 22.3 22 23 24.2 25.5 24.7 25.5 26.3 27.2 27.1 28
5.2 8.7 10.2 11.8 16 17.3 17.7 19 19.4 19.8 19.8 20 20.3 21 21.9 22.3
6.3 8.8 10.1 15.2 17.7 18.2 19.4 20 21 22 22.6 22.2 23.7 23.3 23.9 24.4
5.6 10.4 11.9 12.6 15.1 16.6 17.3 17.5 17.7 18.9 19.7 20.5 21.2 21.4 21.6 22.2
5.3 9.3 10.9 14.9 17.5 17.6 18.8 20.1 20 21.2 21.6 NaN 23.4 23.5 24.6 24
5.9 8.9 11.3 14.8 18.7 18.7 19.7 20.3 20.9 21.7 21.6 22.1 22.7 24.1 24.9 25.4
5.5 8.5 11.2 13 14.7 15.3 15.2 15.4 15.4 17.4 17.2 17.8 18.2 19.2 21.2 NaN
6.5 NaN 13.3 19.2 22.4 22.8 23.3 24.2 24.9 26.2 25.9 26.3 27.1 27.8 27.7 29
5.7 10.6 12.4 17.8 20.1 21.3 21.7 23.1 23.1 24 25.7 26.2 27 27.1 28.8 29.8
5.1 8.9 9.6 12.9 15.6 15.7 16.2 15.3 15.7 15.9 16.6 16.3 17.3 17.1 17.5 17.2
6.8 9.3 10.7 15.8 16.7 17.8 19.2 19.9 20.3 21.5 22.6 22.9 23.3 24.1 25.8 27.1
5.2 8.5 10.2 12.1 14.7 16.2 15.6 15.6 16.3 17.3 17.6 NaN 18.5 18.8 19.2 20.5
5.4 8.3 11.2 14.3 17.4 18 18.9 19.9 20 20.5 21.4 23 23.2 24.8 26.3 26.3
5.3 8.7 11.1 12.5 14.8 15.2 16.4 18 17.9 20 19.3 19.8 21.8 21 19.6 NaN
6.6 11.1 14.8 20.9 22.9 23.2 22.9 22.2 22.7 23.2 24.6 25.4 26.8 28.5 28.6 28.8
6.1 NaN 12.1 16.5 18.8 19.1 19.7 20.1 20.9 21.4 22 22.3 23.6 23.5 24.5 25.8
5.3 9.8 11.6 14.6 16.7 18.7 19.6 20.3 21.1 22.4 22.3 23.2 24.7 25.7 26.5 25.7
5 8.5 9.3 11 14.1 15.7 15.6 16.3 17.1 17.7 17.5 17.4 17.7 18.2 18.6 19.3
6.4 8.9 10.1 13.6 16.4 17.9 18.5 18.4 18.5 19.8 20.3 20.3 20.8 20.9 21.9 22.3
5.6 10 12 16.3 20.7 20.2 20.8 20.9 21.2 22 22.1 22.7 24.2 24.2 25 25.9
5.9 9.7 12.2 14.7 16.9 18.2 18.7 19.7 19.2 20.6 20.9 NaN 21.5 22.4 23.7 24.8
5.5 8.2 10.3 14.1 14.5 14.9 15.4 15.5 16.4 16.9 17.6 18.4 19.4 21.2 22.1 22.7
4.4 7.7 7.9 10.7 15 14.1 15 16 16.3 16.7 16.9 19.2 20 19.1 19.4 20.4
6.1 10.2 13 18.3 20.1 19.7 21.3 21.5 21.8 23.2 23.1 24.5 25.9 26.1 27.6 27.6
4.9 8.7 11 13.7 15.3 15.4 16.6 17.7 18 18.6 18.5 19.1 19.4 19.5 19.2 20.2
4.7 8.3 10.4 12.8 16.1 16.9 17.1 17.4 17.9 18.7 18.4 18.9 19.9 19.7 20.9 21.6
7 11.1 13.4 17.3 20 21.2 21.9 22.5 23.1 24.2 24.9 25.1 26.4 26 28 28.9
5.2 7.9 8.9 12 16.7 16.9 18 18.5 19.6 20.4 20.8 21.6 22.6 23.7 24.1 25.8
5.2 9 10.5 12.4 16.3 16.8 18.6 18.3 18.7 18.9 19.9 19.6 19.4 20.6 20.4 20.5
4 6.4 8.2 9.9 11.5 12.2 12.6 12.9 13.4 14 13.7 14 14.3 14.2 15.3 17.3
5.3 9.6 11.6 12.3 14 15.6 16.9 16.7 18 19.1 19 19.2 21.2 20 20.8 21
5.2 9 11.5 14.6 16.2 16.1 16.8 17.5 18.1 18.7 19.2 19.2 20.2 20.4 20.7 21.7
5.8 10.1 13.1 17.6 20.3 21.4 23 23.7 24.1 26.2 25 26.8 27.9 28.5 28.6 28.6
4.9 8.2 10.5 12.2 14.5 15.4 17 16.2 17.1 17.7 18 17.7 17.6 19.3 19.4 19.9
5.2 8.3 10.6 13.4 15.2 15.9 16.7 16.2 17.1 17.6 17.8 18.7 17.2 18.8 18.6 19.5
5.1 8.6 10.3 12 15 15.8 16.6 16 16.8 17.5 16.9 17.4 17.4 18.1 18.1 18
5.5 8.8 11.1 13.3 15 15.7 15.1 16.2 15.7 15.5 17.3 16.9 18 19.5 19.1 21.1
5.2 8.1 8.3 10.9 15.2 15.6 16.2 17.1 17.5 17.1 17 18.1 18.2 18.2 18.5 19.5
5.4 9.3 10.7 12.6 14.8 15.2 16.5 16.3 16.9 17.7 17.8 18.1 19.3 19.4 20.3 20.7
4.9 7.9 11.2 15.6 19.3 18.4 19.1 19.9 20.4 21.2 21.5 21.8 22.6 22.8 22.8 23
6.1 10.7 12.9 15.7 15.3 17.1 17.4 18.9 19 19.5 19 18.7 19.1 20.4 22.7 21.4
3.9 7 8.6 11.2 13.4 13.4 14.5 13.9 15.1 15.8 16 16.5 17.6 17 17 17.2
4.9 9.1 11.5 14.6 19.5 20 21.4 22.4 23.8 24.5 25 25.8 26.8 27.8 28.7 28.1
5.9 9.1 11.7 10.6 15 16.5 18.3 18.8 19 19.7 19.8 21.1 21.6 21.9 23.1 24.4
7.2 13.1 14.4 19 24 24 26 26.4 27 27.9 28.4 29.3 29.4 30.6 30.3 30.7
3.8 6.2 6.2 9.4 13 13.7 14.6 15.5 16.2 16.8 16.2 18.5 17.9 18.2 18.7 18.5
4.9 8.1 8.2 11.6 18.3 17.6 18.2 19 20.4 20.5 20.5 21.3 21.3 22 22.5 23.2
6.8 10.2 12.2 14.5 16.9 18 19.9 20.4 22.2 22.7 22.4 24.1 23.9 23.2 24.4 24.3
5.3 8.6 11.2 15.2 17.7 17.5 18.4 19.4 20.8 21.6 21.4 22.2 23.2 24 24.7 25.2
5.7 9.9 12.2 15.4 17.4 19.2 20.7 22.1 22.6 23.9 24 24.7 25.8 27.7 27.7 27.8
5.7 8.9 10.4 12.6 14.7 14.7 16.4 16.4 17.6 18.2 18.1 17.7 18.4 19.3 19.8 19.1
4.5 7 9.3 12.6 16.2 16.8 18.2 18.8 19.4 19.8 19.8 20.3 21.2 21.7 21.8 22.4
5.4 8.8 10.4 12.4 14.2 15 15.5 16.9 16.9 17.8 19.3 18.3 19.2 20.3 20.7 21.3
6.8 11.5 12.6 16.5 19.6 19.9 21.1 21.3 22.2 23.4 24 24.1 23.1 23.8 24 24.4
4.6 6.5 6.6 12.4 16.9 16.3 17.7 18.2 19.2 19.7 20.5 22.4 22.2 22.8 23.8 25.7
4.6 7.8 8.4 8.7 13.7 13.5 14.8 15.7 16.6 17.4 17.4 19.5 19.3 19.9 20.7 19.9
5.9 9.7 11.5 13.2 15.6 16.9 19.4 19.3 20.7 20.7 20 20.6 20.9 21.6 21.7 21.7
5.5 9.1 12.3 17 17.9 17.3 18.1 19.8 20.9 22.2 23.2 23.5 24.4 25.4 25.9 26.8
5.7 10.1 12.7 17 19.7 19.9 21.3 21.8 22.4 23.1 23 24.9 25.3 26.2 27.4 27.2
6 9.4 11.7 17.6 21.3 22.2 24.3 24.7 25.1 25.3 26.1 26.5 26.6 27.9 28.2 28.9
3.7 7.3 9 11.6 13.8 14.9 16.3 15.9 16.7 17.9 17.2 17.6 17.6 18.5 18.8 19.2
4.4 7.2 9.6 12.7 16.3 16.8 17.1 18.5 19.1 19.6 19.6 19.7 19.7 20.3 20.4 21.3
6.5 10.2 13.8 12.6 18.6 20.7 21.1 20.4 20.7 21.4 21.4 22.7 24.1 23.7 25.1 26.1
5.3 8.9 10 10.6 12.3 13.6 15.3 16.1 16.4 16.2 16.6 16.9 17.9 18 18.6 18.4
3 5.6 6 10.9 12.5 12.4 13.1 14.4 15.2 14.4 14.4 15.5 15.6 16.2 17 18.2
3.6 7.6 6.4 9 13 12.6 13.2 13.7 14.8 14.8 15.2 17.1 17.3 17.6 18.1 18.9
5.2 9.1 11.4 14.3 15.7 17.2 18.6 17.9 19.9 20.1 20 20.6 21 22.3 22.1 23.1
4.9 8.5 10.7 11.6 15.3 15.7 16 16.6 17.5 18.2 19.2 19 20.7 21.6 21 22.6
6.3 10.6 12.3 15.6 20.1 20.8 22.3 23.5 24 25.3 24.7 25.6 26.9 27.7 28.5 29.2
5.5 8.7 11.1 16.5 18.8 19.7 21 20.2 21.2 23 23.5 23.2 24.3 25.1 25.4 27
4.3 7.8 10.3 11.7 15.5 15.6 16.1 15.2 16.5 17.2 18.1 18.5 18.7 19.8 20.7 19.6
4.4 7.2 10 12.4 14.6 15.3 15.4 16 17.2 17.7 17.5 17.5 18.1 19.2 19.1 20.6
5.3 8.9 10.9 13.3 14.9 15.7 16.6 17.6 18.4 18.5 19.5 19.5 20.6 22.6 21.8 22.4
4.8 8 7.9 10.4 12.8 12.7 14.6 15 15.7 16 15.8 16.8 18 17.5 18.2 18.3
5.9 9.2 10.9 14.4 17.4 18.2 19.9 20.8 21 22.6 22.6 23 24 24.3 25.3 25.6
5.3 9 11.7 17.5 22.2 23.3 25.3 26.5 27.2 29.1 29.3 30.6 31.5 32.4 33.5 33.7
4.5 8.3 10.2 12.6 14.9 15.2 16.1 17.4 17.8 18 17.9 18.3 18.7 19.6 18.9 20.4
5.9 10.3 12 14.3 16.9 16.8 18.1 17.3 18.4 20.2 19.1 19.3 19.5 19.3 20.2 20.7
5.6 9.1 11.3 14.7 17.1 17.5 19.4 19.9 21.2 21.7 22.7 23.8 24.1 25.6 26 27
4.9 8.4 10 12.8 17.4 17.3 18.5 19.4 20.3 21.4 22 22.5 23.2 24.2 24.4 25.2
4.3 7 8.6 10.7 13.3 13.6 14.2 14.9 15.5 15.8 16.2 16.9 17.5 18.1 18.5 19.8
5.5 9.4 10.9 13.5 18 18.4 19 17.8 18.9 18.4 19.1 20.5 21.4 23.1 23.8 24.6
4.7 8.1 9.2 10.6 12.6 14.1 15.4 15.6 16.2 16.1 15.8 16.9 18.3 17.9 18.5 17.4
4.5 7.4 7.6 12.4 17.3 18 18.8 19.8 20.1 20.1 20.7 21.6 21.6 NaN NaN 23.2
6.1 10.1 11.2 11.6 13.8 15.1 17.9 17.8 19 19.1 19.8 19.3 20.5 20.7 20.7 21.3
5.3 8.6 10.8 13.3 14.3 13.7 15.3 17.1 18.6 19.2 19.4 19.2 20.5 20.9 19.9 20.9
4.7 8.5 10.8 14.4 16.7 16.7 17.6 19.4 20.3 20.9 21.9 22.1 22.5 23.4 23.1 24.2
4.8 7.8 9.6 11.7 13.9 14.8 15.8 15.4 16.6 17.6 18.4 18.5 18 20.9 19.9 18.3
4.4 7.8 9.1 10.7 14.7 14.2 14.7 15.6 15.9 19.3 17.1 17.2 17.6 18.2 18.5 19.2
4.5 7.2 9 11.9 16.6 17 17.6 19.1 19.5 19.7 20.5 21.5 21.8 22 22.6 23.3
5.6 9.9 12.2 14.2 15.3 17.6 18.4 18 19.6 21.2 19.6 20.2 21.1 21.3 21.6 23.3
5.6 9.3 10.6 12.3 15.4 16.5 16.9 18.1 18 20 19.4 19.9 20.8 22.4 21.6 23.7
5.1 9.2 10.4 13.9 17.6 17.8 18.8 19.2 20.2 20.3 21 20.7 21.4 21.8 21.7 22.8
5.8 9.4 11.4 15.4 17.4 17.3 18.8 18.9 19.6 20.4 19.1 20.8 21 22.5 22.5 23.2
5.5 9 10.5 14.7 18.9 19.6 19 19.4 19.7 20.8 22.4 22.8 23.8 24.4 25.4 25.7
5.8 10.4 11.8 13.6 16.8 16.7 18.6 20.1 20.9 21.1 21.7 21.9 22.3 23.9 23.6 23.9
5.4 9 11.4 16.1 20.5 20 19.8 20.7 20.9 22.1 22.6 22.7 23 23.9 24.9 24.6
5.8 9.2 12.1 15.9 18.9 20.3 21.5 22.9 23.5 25 24.1 25.2 25.2 26 27.1 27
6.2 10.3 11.4 15.3 17.6 18.5 20.2 20.5 21.2 21.8 22.8 23.1 24.1 25.1 25.7 26.4
5.1 8.7 11.3 13.5 15.8 16 17.4 17.1 17.9 18.5 18.5 19.9 18.9 19.3 19.2 20.1
3.7 7.4 9.7 12.9 14.3 14 15 16.1 16.4 16.4 16.8 18.6 18.9 19.1 18.4 20.1
4.7 7.5 9 12.2 17 19.3 19.2 20.8 21.2 23.5 23.8 24.8 24.9 24.9 24.1 24.7
5.5 8.7 10.5 12.3 14.4 14.6 16.1 15.8 15.9 16.6 16.7 17.5 17.9 17.9 19.3 20.3
4.5 8.5 10.1 13.3 17.2 17.6 18.5 19.6 21.1 21.7 21.6 22.6 23.8 24.1 25.2 26.6
5.5 9.2 10.1 16 13.6 15.1 15.4 16.4 17.3 16.7 16.7 18.7 18.3 18.9 18.6 17.8
4.5 8.4 10 13.3 18.8 18.9 20 21 21.8 23.7 21.6 21.7 22.1 21.7 22.5 22.8
6.5 10.2 12.1 16.8 20.5 20.8 21.7 22.2 22.9 24.5 24.5 25.8 26.6 27.1 28 27.7
4.9 7.3 10.3 12.3 14.4 14.6 14.9 14.8 14.5 15 14.7 15.4 16 16.2 16.4 16.3
5.8 9.6 11.4 15 18.6 19.7 20.7 22.5 24 24.3 24.7 25.2 26 26.6 27.9 28.1
5.3 8.7 10.4 12.3 15.8 15.9 16.5 16.9 17.4 17.7 18.3 19.5 19.1 20.6 19.5 20.6
4.6 7.7 12 12.8 14.4 16.3 16.6 16.6 16.3 16.5 16.2 17.3 17.2 16.9 17.3 17.9
4.4 7.7 8.9 11.2 15.2 14.5 15.2 16.6 17.1 17.4 17.6 19 19 19.3 19.4 20.1
4.9 8.8 10.3 14.7 17.3 16.7 16.6 17.8 18 17.9 18.6 19.1 19.5 20.4 21.3 22.4
6.6 10.6 11.9 14.5 16.2 15.3 16.2 17.2 18.2 18.4 18.3 19.7 19.8 21.2 21.1 19.8
5.8 9.8 13 15.2 19.4 19.9 20.1 21.2 21.4 22.8 22.5 22.8 23.7 24.1 24.4 25.7
5.8 9.8 11.9 13.5 15 16.3 17.5 17.9 18.4 18.3 18.5 18.1 18.9 18.9 19.4 19.5
4.8 7.3 9.9 12.5 16.7 16.6 17.8 17.8 19.1 19.5 20.1 20.6 21.8 21.9 22.1 22.7
5.8 9.6 12.1 16 17.2 18.7 20.5 20.5 20.8 22 22.5 23.2 23.1 23.8 25.9 23.4
5 8.5 10.5 12.9 14.6 15.7 14.7 14.7 15.9 16.7 16.6 16.9 17.6 18 17.4 18.6
3.3 6.4 8.5 12.3 16.9 17.9 18.6 19.4 20.2 21.3 20.9 21.7 23.3 23.5 22.7 23.5
5 8.1 14.8 16.4 19 19.1 20.1 20.3 20.8 22 22.3 23.3 22.5 23.2 23.3 23.6
5.5 9.2 10.4 11.1 13.4 13.3 14.3 13.6 14 14.8 14.5 14.7 15 14.9 15.3 16.8
5.6 9.2 9.8 12.4 14.1 14.3 16.2 16.6 16.1 16.6 16.4 17.7 17.6 18.2 18.6 18
5.3 9.8 13 16.4 19.9 21.7 22.8 23.9 24.4 26.2 25.9 26.5 26.9 26.1 26.3 26.6
5.9 8.9 11 13.2 17.1 18.1 18.3 19.3 19.7 20.2 19.7 20.8 20.5 21.3 22.6 22.3
4.8 7.3 9.8 14.2 18.1 18 19.3 19.9 21 21.4 21.4 22.5 23.6 24.1 24.2 25.2
5.5 9.1 10.9 13.2 14.8 15 16.3 16.7 17.8 18 19.4 20.3 20.5 20.9 20.4 22.1
4.1 7.4 9.6 13.1 17.8 18.3 18.4 18.8 18.9 18.5 20.1 20 20.8 21.2 19.5 21.5
5.3 8.7 10.9 13.3 16.8 18.2 18 19.2 20.5 20.1 20.4 22.5 22.6 24.3 24.1 26.6
4.4 7.6 9.6 11.7 14.9 15.2 16 16.5 17.9 19.2 18 18.4 18.8 18.5 19.9 20
4.8 8.5 13 13.8 15.5 15.3 15.4 15.6 16.7 17.6 17.2 18.4 18.2 18.9 18.9 20.1
6 10.3 11.4 13 14.6 14.6 15.9 16.9 18.4 19.8 19.3 20.4 21.6 21.7 22.6 22.9
5.4 9.3 11.5 13.4 19.3 18.6 19.1 19.1 19 20.4 20.9 22.7 22.8 23.3 23.5 24.7
5.7 9.2 10.7 11.7 13.2 13.7 15.1 16.5 17.5 17.1 17.2 17.6 19.2 18.9 19.9 19.8
4.5 7.4 10.4 13.8 17.5 20.2 21.9 22.6 21.2 22.5 22.9 24 26.1 25.8 26.4 26.5
5.6 9.5 11.8 15.2 16.4 16.5 16.8 17 17.2 18.2 18.4 20.5 20.5 21.7 22.5 21.8
4 7.3 9.2 12.2 15 15.1 15.5 16 16.5 17.5 17.6 19.6 19 19.6 18.8 20
5.2 8.4 10.5 13.9 16.7 17.4 17.3 17.2 18.6 18.8 18.9 19.6 19.9 20.6 21.2 22.6
5.9 10.2 11.4 14.4 17 18.6 19 19.6 19.7 19.3 20.3 20.9 21.9 23.6 22.8 23.4
6.8 11.3 13.9 19.4 20.9 21.1 22.1 22.7 24.2 25 24.5 24.5 25.6 25.1 24.9 25.9
5.6 9.4 11.2 15.3 21.1 20.7 21.9 23.2 23.7 24.8 23.5 23.2 24.6 23.8 25.4 25.3
5.4 9 11 13.2 15.1 16.3 17.4 18.3 19.1 18.6 19.6 21 22 19.8 21.6 21.4
4.8 7.3 9.2 10 12.2 12.8 13.5 14.1 13.4 13.8 13.7 14.6 15.2 15.6 15.5 15.9
5.8 9.5 11.9 15.2 17 16.5 17.5 17.8 18.7 19 19.7 22 22.2 21.7 22.7 22.3
4.7 8.4 10.7 11.5 13 13.9 14.8 14.9 15.5 15.9 14.9 15.8 NaN 16.4 16.2 18.1
5.3 8.7 10.4 14.3 17.7 18.1 17.8 18.2 19.7 21.4 20.2 20.8 21.8 22.7 23.3 24.5
4.6 8.3 13.6 14.9 17.1 17.3 17.1 17.1 17.9 18.8 19.1 19.9 18.9 20.1 20 21
4.8 8.5 10 10.8 13.5 14.8 16.1 15.8 16.3 17 17.1 16.9 18.5 18 18.7 20.4
7.1 11.8 14.2 16 18.4 18 19.7 20.3 21.1 22.2 22.9 24.6 23.6 25.6 24.8 25
5.8 10.3 11.9 14.1 15.9 15.8 16.9 17.6 17.4 17.8 18.7 19.1 20 20.6 21.5 21.2
6 10 12.2 14.7 20.4 20 20.5 21.9 22.2 23.3 23.7 24.4 24.6 25.5 28.1 28.2
5.4 8.8 11 13 14.9 16.2 16.7 18.1 17.7 18.6 18.9 21.5 21.5 21 23.4 21.6
6 9.8 12.7 15.9 17.3 16.8 18.2 19.7 21.1 20.9 22.6 24.1 22.6 24 22.6 24
4.6 8 10.5 15.4 18.4 19.6 20.3 21.6 22.4 22.9 22.9 23.4 23 23.5 23.3 23
4.6 7.5 9.8 12.9 15.6 16.6 17 17.7 17.8 19 19 19.8 20.5 21.2 22 22.8
5.1 8.7 12.5 NaN 17.7 17.4 18 18.3 18.8 20 19.9 21 20.2 19.9 20 21.4
4.7 8.2 9.3 11.4 14.3 13.9 14.2 15.3 14.7 15.6 15.9 16.1 16.8 17.3 17.3 17.5
4.6 8 8.9 12.6 15.4 17 17.4 17.7 19 21.2 23 23.1 24.3 25.1 25.4 26.1
6.2 10.2 11.7 13.4 15.2 15.3 16.5 16.9 18.8 17.5 18.4 19.1 18.4 19.2 20.1 19.3
5 9.1 11.1 13.5 19.4 18.5 18.5 19 18.9 19.9 20.9 21 22.2 21.7 23.7 23
5.3 8.7 10.8 13.6 16.1 16.1 17.2 18 18.4 18.9 19.9 21.4 21.9 22.5 24.2 21.7
4.6 7.1 9.7 11.8 14.3 15.2 15.6 16.3 16.4 17.5 18.2 17.8 18.2 18.7 18.6 18.9
6.1 9.9 11.6 15.6 19 18.5 20 21.2 22.7 23.3 23.3 24.2 25.3 26.3 26.5 27
4.4 8.8 9.8 14.3 16 16.6 17.6 18.3 18.2 18.2 17.7 19.9 20.1 20.3 20.6 21.4
5.4 8.9 10.6 13.1 16.3 17.4 16.3 16.2 18.1 19.3 17.6 18.2 19.6 20.4 19.5 20.2
4.7 8.2 10.4 14.3 16.9 18.1 18.9 19.8 19.6 20.5 21.6 22.4 23.3 22.8 23.5 24.3
6.5 11.1 13.8 17.4 19.8 20.9 20.1 20.5 20.5 20.5 22.9 22.3 21.5 21.9 22.5 22.2
4.6 8.4 9.9 14.8 16.8 18.4 19.4 21.1 22.3 24.3 23.7 24.3 24.2 25 25.4 25.6
5.5 NaN 10.8 15.7 17.5 17.2 19.7 20 20.5 21 21.2 22.1 21.7 22.1 20.7 NaN
5.7 12 15.1 19.4 23.5 23.1 22.5 22.8 22.6 23.7 23.2 23.3 23.5 24.1 24.6 25.6
4.4 7.9 10.7 15.2 16.7 17.4 18 19.1 19.3 19.9 20.4 20.5 21 21.9 23 23.8
4.7 7.1 10 13.8 15.9 15 15.3 14.9 15.6 15.7 15.8 15.7 16.9 16.9 16.7 18.2
5 8.4 10.6 11.9 12.6 13 14.2 14.2 14.8 15.2 14.8 14.9 15.5 14.7 15 14.3
6.4 9.4 11.5 13.1 15.1 15.6 16.4 16.5 16.6 18.6 16.2 17.4 18.3 18.7 18.9 19.3
6 10.3 12.7 18.7 22.2 22.3 23.8 25.2 28 26.5 26.6 26.4 27.6 27.6 28.2 29
5.9 9.7 13.2 16.5 19.2 18.9 19.5 19.6 20 20.2 19.3 20.3 21.1 21 21.4 22.3
5.1 8.7 11 12.9 13.4 14.1 15.3 14.6 15.3 16 16.8 17 17.2 17.5 18 17.5
4.7 7.9 10.3 12.9 13.2 14.3 15.5 15.7 16.1 16.2 16.4 17.3 17.7 17.7 18 17.9
5.2 8.9 11.1 15.3 17.3 17.6 19.1 18.3 20.5 20.9 21.2 21.2 20.4 20.9 22.8 21
5.3 NaN 10.7 14.9 15.7 15.3 16.7 17.5 18.4 18.8 18.5 19 20.1 20.3 19.2 NaN
5.1 8.7 11.2 12.2 13.4 14.8 14.2 14.7 14.9 14.9 15.2 15.2 15.9 16 15.5 NaN
4.8 8 10.1 11.8 13.1 14.1 14.2 14.4 15.1 15.6 15.4 15.4 16.5 16.6 16.8 17.6
4.6 6.8 9.1 11.1 13.5 13.1 13.9 13.7 14.5 15 15.1 16.2 15.6 15.6 15.9 16.9
5 9 12.2 15.3 16.9 17.7 18.2 18.9 19.7 20.5 20.1 19.7 20.8 21.7 23.4 23.3
5.1 8.2 10.5 12.1 13.5 13.6 14.4 14.8 15.1 16.5 15.4 16.4 17.1 17.5 18.9 18.4
5.3 9.8 11.1 16.2 19.7 18.7 20 20.1 20.1 20.4 21.3 22.1 23 24.8 25.7 25.7
5.9 9.3 12.1 15.2 17.5 18.1 18.2 18.1 18.9 18.9 18.4 19.7 20 19.9 20.8 21.6
4.6 8.5 11.9 15.9 18 19.1 19.8 19.9 19.3 20.6 20.6 21.6 22.5 21.6 22.6 23.8
4.1 7.4 10.1 13.8 16.8 17 17.9 18.9 19.1 20.6 20.1 20.7 20.4 21.3 22 21.6
4.3 8 9.9 15.1 17.6 17.2 19.1 20.2 21.8 24.3 24.5 25.2 24.8 25.8 27.3 26.7
5.1 8.8 11.1 12.1 13.2 15 14.6 14.8 15.2 15.6 16.1 16.3 16.9 16.5 16.3 NaN
4.5 7.9 9.6 11.8 14.4 15.1 15.8 16.5 16.6 17.1 16.9 17.6 18.2 18.2 19.1 19.9
5.3 8.3 12.1 14.4 15.4 15.5 16 15.7 16.8 16.8 17.3 17.4 18.4 18.1 18.2 19
5.1 8.2 10.8 12.8 13.3 14 13.9 13.8 14.7 15.3 15.1 15.4 16 15 15.6 16.6
6.6 9.6 12 15.2 20.2 20.1 22.3 21.9 22.1 22.8 22.3 24.7 25.6 25.8 26.7 27.8
4.5 8.5 10.8 15.9 17.3 17.1 18.3 19.8 19.7 20.8 20.8 22.2 23.5 23.9 24.7 25.5
6.1 9.6 12.9 15.8 17.9 18.8 20.8 21.5 22.1 22.6 22.1 22.9 23.7 23.2 23.7 24.5
4.8 7.9 10.4 13.1 14.5 14.8 15.1 15.9 16.5 16.8 17.8 18.2 18.7 18.2 18.1 17.7
4.9 8.5 11.3 15.7 18.5 18.8 19.9 20.1 21 22.1 21.6 22.2 22.5 22.5 23.2 22.8
5.5 9.2 12 14.2 17.4 17.4 17.6 19 18.6 18.9 18.7 19.7 20.1 20.8 20.3 NaN
4.5 7.7 9.9 15.2 18.6 19.8 20.1 21.1 20.8 20.9 20.6 20.1 22.4 22.9 23.5 24.9
3.7 6.4 9.1 12.1 14.6 14.9 15.3 15.4 16 16.7 16 15.8 16.3 16.7 16.3 17.1
5.1 8 11.4 14.9 16.4 17.3 18.8 19.7 20.1 20.9 20.6 20.6 20.4 20.7 20.9 22.5
5.2 8.7 11.6 14.2 15.8 17.2 18.5 19.3 21 21.2 20.8 20.5 21.9 22.8 23 24.1
5.7 9 11.3 12.7 14.5 15 15.5 16.5 16.4 16.8 16.4 17.4 17.5 17.8 18 18.2
5 8.7 10.6 12.5 14.8 15.3 16 16.9 16.4 18.5 17.7 18.3 19.6 20.1 20.5 20.5
5.2 8.8 11.4 14.1 16.7 17.1 17.9 20.1 20.5 20.2 20.2 21.3 22.1 22.6 24.3 24.9
5.1 8.3 10.9 NaN 13.1 14.4 15.1 15.4 15.8 16.2 15.9 17.4 18.1 18.3 18.8 18.5
4.5 7.9 10.3 12.3 14 15.2 16.1 16.8 18.6 19 17.9 19.8 20.9 21 21.2 22.3
4.8 9.1 11.6 15.5 17.3 17.2 17.6 19 20.3 20.6 20.3 20.3 20 21.6 21.8 22.6
4.8 8.5 10.6 12.3 15.2 15.8 17.2 19 19.7 20.8 21.3 21.8 21.7 22.3 21.4 NaN
4.1 7.2 9 12.2 14 14.4 14.6 16 16.7 17.9 17.5 18.5 18.5 19.8 20 22.2
4.8 7.2 10.4 14.5 17 16.2 17.5 17.4 17.7 18.2 18 18.3 19.2 20 20.2 21
3.8 6.6 9.2 11.6 14.2 14.2 15 13.7 14.2 15.1 15.2 14.9 16.8 17.3 17.1 18.2
5.2 8 9.6 11.2 12 12.4 13.2 14.1 14.6 16.2 15.3 16.2 16.3 17.6 17.3 17.9
4.6 8.5 10.2 12 13.2 14.4 15.1 15.5 16.4 17.2 17.3 17.7 18.5 18.4 18.4 17.4
5.2 9 10.7 14.2 18.1 17.2 18.5 19.8 19.8 20.9 20.2 21.7 21.3 22.6 23.7 23.1
5 8.3 11.2 13.2 14.6 15.5 15.6 15 16.7 17 16.1 17.1 17.4 18.2 19.3 17.8
4.3 7.9 10.2 14.3 18.1 18.3 18.4 18.2 19.6 21 20.3 21.5 22 23.2 23.7 24.5
4.5 8.4 10.8 14.9 18.5 18 18.9 17.2 18.8 19.5 19.1 19.4 18.3 19.3 20.6 20.9
4.4 NaN 9.2 13.3 18.4 21 23.1 24.2 24.8 25.2 24.9 24.4 24.9 25.8 26.3 NaN
5.5 9 11.3 13.1 17.2 NaN 17.9 19.5 20.3 20.6 21.5 20.5 21.3 22.7 22.2 NaN
4.8 8 10.6 13 14.7 15.1 15.7 17.5 16.4 17.4 17.8 17.4 17.8 18.9 18.7 18.7
4.9 7.7 11.5 14 16.6 17 17.5 16.3 17.7 18.4 18.3 17.6 19 19 19.5 20.6
4.9 7.5 8.7 9.9 11.4 11.9 12.3 12.8 13.3 14.5 13.5 14.8 15.1 15 15.4 15.5
6.2 10.5 12.5 13.3 14.3 16.4 17.2 18 17.9 18 18.8 18.6 17.7 18.8 18.1 19.1
5.6 9 10.9 12.1 13.3 13.6 16.4 14.5 14.2 16.1 14.9 15.5 16.3 16.7 17.8 17.6
6.3 10.5 11.5 14.5 19 18.3 19 19.3 19.9 19.3 19.8 19.5 19.1 19.2 18.8 19.6
4.5 8.1 10.5 12.9 14.1 13.9 15.5 16.6 17.1 18 17.2 17.6 18.5 19.9 19.3 18.9
4.2 7.7 9.3 14.2 17.6 18.7 19 19.3 21.1 22.9 22.7 24.4 24.8 26.3 26 28.6
5.8 12.2 13.9 14.6 17.2 18 20 20.6 20.1 21.7 21.1 21.6 22.1 22.5 22.8 24.3
4.3 7.4 9.2 12 13.4 13.7 13.5 14 14 14.9 14.8 14.5 15.4 15.2 15.1 15.8
5.4 8.4 11.2 15.8 19.7 18.9 20 20.3 21.5 21.7 21.6 21.6 22.9 22.5 22.6 24.5
4.6 8.5 11.7 14.7 16.2 16 16.6 17.4 17.9 18.3 18.3 18.3 18.7 19 19.4 20.6
5.4 8.5 12.4 16.9 21.1 20.4 21.9 23 23.9 25.3 24.3 25.6 27 26.4 26.8 26.5
5.6 10.1 11.7 16.3 18.1 17 18.6 19.1 19.2 20.2 20.1 20.4 21.5 21.6 22.5 22.9
6.6 10.7 12.3 13.7 14.9 15.1 16 15.7 14.9 16.4 16.6 15.5 16.9 16.9 17.4 17.3
6.5 11.2 13.8 18.5 18.8 18.6 19.2 19.1 19.2 20.2 21 20.6 21.9 21.8 23.9 24.3
5 8.8 10.9 12 13.8 14.6 NaN 15.6 18.6 17.4 17.1 18 18 19.1 18.5 18.2
4.8 NaN 8.4 11.9 16.4 16.8 17.7 18.7 19.7 20.7 20.1 20.6 21.3 21.7 21.9 NaN
6 12.5 15.3 20 23.3 23.2 23.9 24.1 25.1 25.4 24.7 25.3 26 26.7 27 27.3
4.3 7.6 10 13.1 14.6 15 15.9 17.2 16.2 17 17.8 17.6 19.9 18.6 19 20.2
4.9 8 10.8 13.1 15.5 15.9 16.2 15.8 16.5 17.1 17.2 16.8 18.1 17.7 17.6 19
5.5 8.8 11.4 14.3 17.2 16.4 18 17.5 18.2 18.8 17.9 18 18.8 18.3 18.4 18.4
5.9 10.3 12.5 14.7 15.7 16.7 17 17.5 18.3 19.2 18.6 19.9 20.4 20.7 20.7 21.2
6.2 10.4 12.7 17.1 19.2 20.6 21.9 24.5 25.8 26.6 25.9 26.3 29 28.9 30.8 31.5
